title
0.6722262219991535
0.4385251742787659
0.742716159671545
0.11521850642748177
0.3298947287257761
0.7637936086393893
0.02047518314793706
0.14064247044734657
0.7495100796222687
0.45986637054011226
0.3760930902790278
0.9097442694474012
0.7925219447351992
0.22335865953937173
0.3655625432729721
0.01466730423271656
0.48702412680722773
0.8803494139574468
0.6745687280781567
0.5688590831123292
0.5088242932688445
0.17353123053908348
0.7587609912734479
0.46429943363182247
0.4373807464726269
0.05181416217237711
0.13903979491442442
0.8709549077320844
0.10740605392493308
0.5057861541863531
0.2984943832270801
0.957693756558001
0.18553490098565817
0.3985227853991091
0.2547549307346344
0.1707052942365408
0.7924160214606673
0.09422722877934575
0.0591050386428833
0.5500713472720236
0.6717481156811118
0.5815413189120591
0.12941220286302269
0.4185072926338762
0.6412260339129716
0.31340577616356313
0.7832497640047222
0.06390689336694777
0.40116610075347126
0.8163462420925498
0.8145795019809157
0.015353940892964602
0.9907692046836019
0.5590621316805482
0.9713645023293793
0.7611334247048944
0.3267798509914428
0.8178379305172712
0.4803708386607468
0.15075433277525008
0.0028025293722748756
0.38770615961402655
0.14725903375074267
0.9757525599561632
0.6061154787894338
0.4248699680902064
0.4957283881958574
0.08441829797811806
0.07792342221364379
0.7653581029735506
0.2880894031841308
0.4000236170832068
0.24432687950320542
0.2669069904368371
0.3957067730370909
0.6558025358244777
0.04288705065846443
0.25628943950869143
0.8595858928747475
0.17825991986319423
0.14121642336249352
0.9722137320786715
0.7775549120269716
0.35177617869339883
0.7374159782193601
0.6261016794014722
0.7612219622824341
0.8824865682981908
0.26624751766212285
0.46617724164389074
0.14115168224088848
0.9509453801438212
0.5409922320395708
0.22310813493095338
0.6193885440006852
0.5687041752971709
0.7424840098246932
0.024283657781779766
0.9137823844794184
0.3263437675777823
0.1565821198746562
0.05472273891791701
0.6089370094705373
0.0679405452683568
0.9838154942262918
0.12064373400062323
0.337497731205076
0.048142230371013284
0.08373064082115889
0.5745660678949207
0.23964139726012945
0.8543355390429497
0.5337850386276841
0.3417964873369783
0.4694037896115333
0.21139940852299333
0.5857486655004323
0.9347817255184054
0.04038840439170599
0.21402209112420678
0.787659680005163
0.5450784827116877
0.9092599572613835
0.035305134719237685
0.593385344138369
0.7194223878905177
0.3308516973629594
0.2623207860160619
0.6096112667582929
0.2301551727578044
0.7418397553265095
0.3762714392505586
0.2887210550252348
0.5727259425912052
0.28213482978753746
0.7766730259172618
0.4803313023876399
0.31408533453941345
0.8440962305758148
0.9514477194752544
0.8132093830499798
0.2920924338977784
0.4935651780106127
0.9814168477896601
0.04453813238069415
0.058400123147293925
0.8810618130955845
0.4870951974298805
0.49428601493127644
0.9655293901450932
0.3738938111346215
0.4321703966706991
0.9372755731455982
0.1171560154762119
0.3231422174721956
0.16305704647675157
0.9781199754215777
0.5285508667584509
0.011077664094045758
0.6045056562870741
0.9971883937250823
0.2698476470541209
0.4250995002221316
0.5299650761298835
0.16958824242465198
0.7846575113944709
0.3350218383129686
0.38692765100859106
0.20773319946601987
0.5352298791985959
0.02480853721499443
0.21070795506238937
0.808104214258492
0.9244408733211458
0.8480436019599438
0.3744135422166437
0.7537853200919926
0.8317610423546284
0.7787300902418792
0.49708305206149817
0.39198145898990333
0.31571704987436533
0.2571895888540894
0.1664750084746629
0.585961282486096
0.7740368091035634
0.9688513390719891
0.42613980709575117
0.4301548928488046
0.6363503220491111
0.2795101178344339
0.47423253301531076
0.4060309575870633
0.6912251114845276
0.8650039506610483
0.9640944795683026
0.6149874485563487
0.2640384342521429
0.7758843684569001
0.16932449117302895