-51 -43 6
-5 19 26
-34 10 41
-6 -76 18
-23 -4 -28
-33 -40 -18
-39 -65 27
-48 -30 -20
-7 -43 17
-28 -83 1
-22 32 -14
-13 -65 -4
-6 36 -13
-54 -24 -11
-23 -29 -15
-7 -28 51
-44 15 12
-39 39 -11
-42 30 2
-10 -77 6
-42 -22 38
-6 -20 35
-38 -8 38
-9 -56 33
-5 38 3
-30 44 15
-10 26 38
-22 -61 42
-50 -11 -3
-50 -37 29
-7 65 -7
-29 14 -30
-41 -20 8
-34 0 0
-12 -17 6
-12 8 9
-25 1 0
-20 -2 -2
-23 -20 -12
-22 -3 -17
-9 12 -6
49 -38 8
3 20 25
33 11 42
6 -76 19
21 -3 -29
31 -39 -18
41 -60 27
46 -27 -21
5 -43 18
29 -81 2
21 32 -14
12 -64 -3
4 40 -12
53 -22 -11
22 -28 -15
6 -25 51
43 15 13
39 39 -9
43 29 5
10 -77 7
40 -20 39
4 -18 34
36 -7 39
8 -55 33
4 37 3
30 45 16
9 28 38
21 -60 44
49 -7 -4
48 -31 30
8 65 -9
27 15 -29
41 -18 8
33 2 -1
9 -16 6
11 10 9
23 2 0
17 -2 -1
23 -19 -12
20 -3 -16
7 12 -6
