-0.8476311643607914 -0.02362646907567978 0.6121609229594469
0.3709431057795882 -0.48731306241825223 0.7234392804093659
0.38902580365538597 -0.719402696006 0.21454681642353535
-0.7922987686470151 -0.3375338139012456 0.9417288713157177
0.2392551926895976 0.8023279919289052 0.9384761145338416
-0.32196901412680745 0.03616407932713628 -0.7886338443495333
0.19145358679816127 0.6630808236077428 0.2169903814792633
-0.3934248136356473 -0.2552668312564492 0.4767684615217149
0.928132991772145 -0.3899274659343064 0.666837646625936
-0.26441532000899315 -0.3011443675495684 -0.48633755231276155
0.14595973771065474 0.35042348597198725 -0.921672242693603
-0.7333184303715825 0.9481815788894892 0.7795125818811357
0.1102406345307827 0.9273338411003351 0.6529651791788638
0.29269166104495525 0.17900364426895976 0.4659288111142814
-0.28471143217757344 -0.2606290061958134 -0.3341620354913175
0.1637404328212142 -0.8224835684522986 -0.5308986846357584
0.6639094217680395 0.8745205434970558 0.9040483189746737
-0.9637345485389233 -0.8006181214004755 -0.32479210989549756
0.9363985396921635 -0.047824363224208355 0.769064933527261
-0.8933215895667672 0.5473110070452094 0.8888360066339374
0.9307328737340868 0.4931382923386991 0.7289784359745681
0.800976294092834 0.862992700189352 0.9540992630645633
-0.5865243291482329 0.0798516464419663 0.5204854160547256
-0.49730626307427883 0.8387322733178735 -0.8374912948347628
-0.509064772631973 0.07561466284096241 0.05955896619707346
0.7984162783250213 0.45932657551020384 -0.9644150263629854
0.9719243310391903 0.7963945819064975 0.3950329157523811
-0.30364581011235714 0.576067422516644 -0.6304529649205506
0.1920951516367495 0.26146710151806474 -0.8350737178698182
0.8004230856895447 0.5285295797511935 0.4119426575489342
0.4511697799898684 -0.532885521184653 -0.750767569988966
0.32250359235331416 -0.6306098634377122 -0.6288206647150218
-0.9775961325503886 0.9723749938420951 0.4960116455331445
0.4622215339913964 -0.775567676872015 -0.19206632440909743
-0.09802716132253408 -0.6729381787590683 0.08378675393760204
-0.5233490504324436 0.8204992339015007 0.6669003563001752
-0.8309407359920442 -0.8067188244313002 -0.3346372088417411
-0.7902158936485648 -0.5226423456333578 -0.21437779534608126
-0.2479983950033784 -0.518773540854454 -0.7359821652062237
-0.8111502677202225 -0.09215903794392943 -0.648472020868212
0.8211818980053067 0.7375610549934208 -0.49359416868537664
-0.5234829573892057 0.46073673153296113 -0.017415514215826988
-0.7805489264428616 -0.5620475164614618 0.8886167663149536
0.7739195208996534 0.851175535004586 0.006896320730447769
-0.6885242485441267 0.9441427318379283 -0.3889809991233051
-0.27159560937434435 0.10388637334108353 0.18990514753386378
0.8467794242314994 0.61280986526981 0.16530147148296237
-0.5001341351307929 -0.43057206785306334 -0.08481829660013318
-0.48812189791351557 0.2920083128847182 -0.24003847735002637
-0.7689285627566278 -0.9849341190420091 0.3279268671758473
-0.7537462865002453 -0.8131988327950239 -0.9625563272275031
-0.3642443069256842 -0.5580690423958004 -0.916469051502645
-0.8936109356582165 -0.868498214520514 -0.021323648747056723
0.4240674488246441 0.7419457258656621 0.6305310763418674
-0.17877239221706986 -0.3602941706776619 0.6374823283404112
0.9708387739956379 -0.5712514901533723 -0.2493469570763409
-0.8271651151590049 -0.8300199676305056 -0.7108122440986335
-0.9554280433803797 0.4182087923400104 0.8404430518858135
0.22738366341218352 0.734249115921557 -0.6322474568150938
-0.22806041594594717 0.6677132011391222 -0.26316596241667867
0.25863506458699703 -0.13189012091606855 -0.7561420467682183
-0.40800499403849244 0.4661346673965454 -0.5945782540366054
0.6843588468618691 0.06265168357640505 0.5393235306255519
0.9910613186657429 0.2055062153376639 0.8096243934705853
0.4346226118505001 -0.6491736210882664 0.31076583731919527
0.10829135868698359 -0.4164793686941266 -0.26052621472626925
-0.16946676233783364 -0.7847103956155479 0.5645630499348044
-0.20024319179356098 0.808482488617301 -0.035608434583991766
-0.6231168233789504 0.07948679896071553 -0.09234857745468616
-0.25506920972839 -0.13901117770001292 0.34824057947844267
-0.06654846901074052 -0.6849076482467353 -0.14869374735280871
-0.1935290116816759 -0.3367177867330611 -0.03726957039907575
0.799057197291404 -0.012431601993739605 -0.9996873936615884
0.7740399204194546 0.5326034282334149 0.13576169777661562
0.8533004694618285 -0.20267027663066983 0.8693698938004673
-0.32355417450889945 -0.5949045801535249 0.9648076947778463
0.14379244996234775 -0.31680437410250306 0.8067575679160655
0.5690981834195554 0.22214143769815564 0.5699278796091676
0.9175982172600925 -0.7445437153801322 0.9688635352067649
-0.7165521918796003 0.09587357705458999 -0.6435039769858122
0.5607011970132589 0.5093716355040669 -0.6494421069510281
-0.07049568882212043 -0.4895608089864254 0.435045188292861
0.6966451089829206 -0.46087359404191375 -0.1358927576802671
0.9655245295725763 -0.5243669976480305 0.9054426369257271
-0.03791739884763956 -0.41409109858796 -0.832398684695363
0.48475875705480576 0.9301425581797957 -0.622653482016176
0.5986587591469288 0.45340806618332863 0.23565394431352615
-0.25938286213204265 0.3685157527215779 -0.7456387970596552
-0.9905586251989007 -0.9083325518295169 -0.6508933901786804
-0.8716859701089561 0.27111031115055084 0.7455540802329779
-0.4841809216886759 -0.4996129786595702 0.7447182899340987
-0.10269785346463323 -0.6007043775171041 0.48148162802681327
0.11907053412869573 -0.13766442239284515 -0.7883704085834324
0.5454919980838895 -0.09620373556390405 0.5439041554927826
-0.5178305129520595 0.5390794021077454 0.42952356627210975
-0.612336334772408 0.4393262481316924 -0.30466062668710947
-0.11963465437293053 -0.2681207424029708 0.9044382236897945
-0.12506244564428926 0.12325106374919415 -0.9227347411215305
-0.05392974801361561 0.21119289752095938 0.865236637648195
-0.4910223223268986 0.28135677287355065 -0.27176570566371083
0.9869159329682589 -0.8491782722994685 0.7928479490801692
0.06713298987597227 -0.5467270282097161 -0.6617274712771177
-0.10453118896111846 -0.001528546679764986 -0.8154704002663493
-0.023038885090500116 -0.37434223759919405 -0.42634480306878686
-0.11822459334507585 -0.4406975219026208 -0.6567577342502773
-0.3875501141883433 -0.8511209981516004 -0.8001143974252045
0.5099060256034136 0.33013300225138664 -0.7257796726189554
-0.8001193245872855 0.544401234947145 0.09222196089103818
-0.32444274658337235 -0.7654412821866572 0.2684987401589751
0.005077870562672615 0.6874837833456695 0.35126839485019445
0.6337960632517934 0.5885594696737826 0.6723234751261771
-0.9534798869863153 0.013556794729083776 -0.6842057178728282
0.5286599900573492 0.7546689580194652 -0.4441920514218509
0.3067072299309075 0.983844889793545 -0.26344308257102966
-0.6064896425232291 -0.10678461473435163 -0.7035059528425336
0.7489670044742525 0.8736667903140187 -0.47904615802690387
-0.025409969501197338 0.800122519955039 -0.75105274701491
-0.26286932500079274 -0.6293790526688099 -0.7805809234268963
0.7193534919060767 0.5772623377852142 -0.8899760534986854
-0.9799398994073272 0.5326800174079835 0.7536788447760046
-0.05051414668560028 0.2983799953944981 0.8788187960162759
0.3861818057484925 0.15178547333925962 -0.3152229408733547
-0.5790008031763136 -0.3620818769559264 0.613949769642204
0.19131447561085224 0.29779048031196 -0.05927778081968427
0.25639333901926875 -0.24272321024909616 0.8008661409839988
0.3947206363081932 0.19525302341207862 -0.23238628916442394
-0.6873255353420973 0.3373600388877094 -0.6501987893134356
0.12634685542434454 -0.9435705253854394 0.6887346799485385
0.6497977422550321 -0.9970707013271749 -0.2740692878141999
-0.6321814730763435 0.5949799907393754 0.4229553225450218
-0.8968472247943282 -0.824557033367455 -0.2384483083151281
-0.46407955326139927 -0.16749961860477924 0.9243739466182888
-0.7959404508583248 0.3801424913108349 0.7450962192378938
-0.7076620338484645 0.15180973429232836 -0.06593458214774728
0.265680224634707 -0.97404815396294 -0.9546286393888295
0.6517997961491346 0.8661075350828469 -0.9633059347979724
0.8922111834399402 -0.9593461817130446 0.4295296920463443
0.9754179702140391 -0.09366256278008223 0.33144362829625607
0.7681409693323076 0.704045177437365 -0.6628608899191022
-0.11899509700015187 -0.8117719078436494 0.5227176388725638
-0.575666013173759 -0.15626997034996748 -0.6209948980249465
0.562515152618289 0.9792486457154155 -0.7278529210016131
-0.03729974525049329 0.14123063953593373 -0.8120031761936843
0.7427042042836547 -0.5039420677348971 0.9493076917715371
0.6509870984591544 0.5336480340920389 0.809792086482048
-0.17372525250539184 -0.9724758793599904 0.9863048451952636
-0.04658955009654164 -0.6577086900360882 0.6636904813349247
0.9880258617922664 -0.7834737286902964 -0.5574647882021964
-0.5773738538846374 0.733554351143539 -0.9587657521478832
0.8402962191030383 -0.9026107573881745 -0.703592989128083
0.8793341615237296 -0.5355384186841547 -0.5031495685689151
0.903665161691606 0.054468546994030476 -0.8625044017098844
0.08498026663437486 0.8835319271311164 -0.9368126816116273
0.4983200542628765 -0.7956022345460951 0.3154862057417631
0.8037294666282833 0.27010101824998856 -0.9511502096429467
-0.2794556966982782 -0.01059678103774786 -0.28247481817379594
-0.2248089462518692 -0.3612416014075279 -0.4323438638821244
-0.5102919219061732 0.17777606938034296 0.23571795225143433
-0.6845147144049406 -0.9125199485570192 0.051531304605305195
-0.18442989932373166 -0.3125038263387978 0.29913670336827636
0.5625423570163548 -0.21736570307984948 0.12783122854307294
-0.4133604704402387 0.41873718053102493 0.8937651105225086
-0.5172854200936854 0.5394984330050647 0.13292418280616403
-0.31638386845588684 0.5070000891573727 0.19118539337068796
0.0674270810559392 0.7900502793490887 -0.3020523888990283
-0.7032073670998216 0.19759141188114882 -0.7168133496306837
0.9315799013711512 -0.5420946064405143 -0.7886449722573161
-0.5178664890117943 -0.3777720578946173 -0.18845077557489276
0.9387627933174372 0.9077619584277272 0.18224925408139825
0.9597379406914115 -0.9809217676520348 -0.5658654728904366
0.05452215811237693 -0.1663448535837233 -0.024146764539182186
-0.554323713760823 0.3053939216770232 -0.7064247294329107
0.04010665649548173 0.08553687715902925 -0.963972938247025
0.5723271747119725 0.05958967795595527 -0.514699506573379
-0.9202797650359571 0.33932879474014044 -0.9492110246792436
0.9544227933511138 0.9674456026405096 0.44018814200535417
0.08669698098674417 0.05491519533097744 -0.8337808889336884
-0.1466577174142003 0.6310529443435371 0.9306677365675569
-0.6782238902524114 0.626440342515707 -0.30057551991194487
-0.3370794868096709 -0.6695136199705303 -0.35600134544074535
0.08520489139482379 0.874484377913177 0.19460649648681283
-0.20549721410498023 0.06682940945029259 -0.32371246023103595
0.4331363490782678 0.6278921044431627 -0.13391465973109007
0.479917102959007 -0.36458839336410165 -0.21375125786289573
0.80011838208884 -0.8028828203678131 -0.5566891357302666
-0.27669773530215025 0.16902345325797796 0.3834480079822242
0.4356325641274452 -0.6087863026186824 0.8181328270584345
-0.27469043200835586 0.3123245146125555 0.27314759604632854
-0.06315808976069093 0.37015441386029124 -0.9791483827866614
-0.8146295240148902 -0.8854873832315207 -0.4787883386015892
0.44271508138626814 0.8078194749541581 0.03618046874180436
-0.4778095996007323 0.3036993723362684 0.5016184877604246
-0.4790425398387015 -0.1277684709057212 -0.6777884722687304
0.58873650431633 -0.3871309068053961 -0.8052193694747984
0.7488249214366078 0.09454117389395833 -0.4505772008560598
-0.8733552843332291 0.06345058651641011 0.9670163826085627
0.49184091528877616 -0.9210106492973864 -0.5892953528091311
-0.5071214437484741 -0.6412895848043263 0.5617432869039476
-0.782112552318722 -0.4645669381134212 0.8792232563719153
-0.6706964229233563 0.5195836061611772 0.7892643194645643
-0.48368707904592156 0.316129204351455 0.4444016655907035
-0.16050593042746186 -0.8225967474281788 -0.2707967380993068
0.29063592571765184 -0.9406885732896626 0.4557195883244276
-0.37023663567379117 -0.013321828562766314 0.7219045939855278
-0.9921867353841662 0.33311353577300906 0.7836977341212332
-0.6771897473372519 -0.706110468134284 -0.17764873197302222
-0.3694739853963256 -0.4317746963351965 -0.0581664452329278
0.41425839671865106 0.10737071745097637 -0.8949593589641154
0.6527679823338985 -0.06028201663866639 0.19641046645119786
0.0010117413476109505 -0.5132075641304255 0.024974448140710592
-0.7763551706448197 -0.6183952246792614 -0.8383693303912878
-0.8666858831420541 0.45757858362048864 0.6640411205589771
-0.10237217741087079 -0.5703186667524278 -0.037632470950484276
0.1320164566859603 -0.9821331421844661 -0.8028715676628053
0.9529736968688667 -0.8531908425502479 0.15290972078219056
-0.29762339405715466 0.9051392613910139 0.5221345419995487
-0.5577158075757325 -0.6200319463387132 -0.49073508894070983
0.8248133398592472 0.25856335274875164 -0.9330311049707234
0.5551341911777854 -0.2627250701189041 0.4811393488198519
-0.3907301891595125 0.23780461121350527 0.5748594533652067
-0.4907716424204409 0.6033235094510019 0.6751834037713706
0.7723804139532149 -0.7191164819523692 -0.7278779176995158
0.945199747569859 0.8582821697928011 0.2580398381687701
-0.2777524245902896 -0.8649360239505768 -0.02496759546920657
0.3972013173624873 0.53685308014974 0.5143324937671423
0.481568627525121 0.07651398237794638 0.8390797832980752
-0.6270535537041724 -0.6598146487958729 0.5379688814282417
0.5821033143438399 0.5470230909995735 -0.20756014483049512
0.7479913868010044 -0.5972911813296378 -0.20872925128787756
-0.4756330312229693 -0.6972089242190123 -0.004712076857686043
-0.20264667179435492 -0.8164607053622603 0.31421337369829416
0.23847499722614884 0.8738863551989198 -0.7678628279827535
0.5796215403825045 -0.3810215718112886 -0.7613289351575077
-0.015986281912773848 0.7441240786574781 -0.42404636833816767
-0.5431141210719943 0.6807536063715816 0.5992003362625837
0.7161841406486928 -0.26724774995818734 0.5408907816745341
0.9621349289081991 0.5860632979311049 0.19387120939791203
0.5095934080891311 -0.8987171486951411 -0.9151086951605976
-0.7771162893623114 -0.6328349197283387 0.9017331716604531
0.8039377415552735 0.28299060091376305 -0.2029869146645069
-0.7898369678296149 0.11638850485906005 -0.9078221479430795
-0.9924273183569312 -0.517112142406404 -0.678024803288281
0.0797506021335721 0.8446047767065465 -0.48395332461223006
-0.6207381910644472 0.8742255833931267 -0.9516924759373069
-0.017447615507990122 0.28063215548172593 0.6529293190687895
-0.43545813113451004 -0.3549364716745913 -0.5922980415634811
-0.27410956006497145 0.3787119803018868 -0.9722533551976085
-0.4598633204586804 -0.4373652166686952 -0.7754618679173291
-0.7888625715859234 -0.4336946224793792 -0.8381539895199239
-0.9642467703670263 -0.6338668591342866 0.14234799845144153
-0.6175259654410183 0.820866662543267 -0.7562523139640689
0.2034226399846375 0.36289076460525393 0.1389875072054565
-0.8688345430418849 0.21023364597931504 -0.9663659380748868
-0.31144403433427215 -0.6578650381416082 -0.16034470545127988
-0.37469255458563566 -0.516665673814714 -0.8048222963698208
-0.13381472928449512 0.28666934836655855 -0.4331438774242997
-0.6380904410034418 0.35646586026996374 -0.19144891202449799
-0.7819642596878111 0.07937672920525074 0.2132365508005023
-0.23252592328935862 0.5664389473386109 0.0660673645325005
0.13284667627885938 0.45290087489411235 0.7535666297189891
-0.2733979388140142 -0.0454431208781898 -0.645666191354394
-0.5446367114782333 -0.8918273290619254 -0.8527362756431103
-0.10115661006420851 -0.9783493201248348 -0.6382468552328646
0.9050683914683759 -0.6720361062325537 0.3164684292860329
0.9953737086616457 -0.273077221121639 -0.4766195295378566
-0.32233089162036777 -0.955930249299854 -0.2786271534860134
0.8443546872586012 0.46535627683624625 -0.5560739981010556
-0.9231450702063739 0.6061409949325025 -0.2721906742081046
-0.626983046066016 0.6851531295105815 0.3597610336728394
-0.4023644858971238 0.5660674027167261 0.8663182612508535
0.864731390029192 0.33527225675061345 0.3610379723832011
0.6111199297010899 -0.2310958062298596 0.5368061242625117
-0.20876300940290093 -0.7138561275787652 0.1922953436151147
0.0901300199329853 0.16291892295703292 0.4379811161197722
-0.3015912692062557 -0.5466000465676188 -0.011996498331427574
0.33336253138259053 -0.5447989059612155 0.6263448754325509
0.08543010940775275 -0.4533698125742376 0.5027835518121719
0.2214889950118959 0.446569902356714 0.8799401917494833
0.23530115047469735 -0.19459962798282504 0.5108183240517974
-0.9963367860764265 -0.5565084991976619 0.9714734721928835
0.6551490244455636 -0.6287189060822129 -0.42291324539110065
-0.5622127619571984 0.23586341319605708 -0.687186767347157
-0.7826681071892381 -0.712316052056849 -0.4540077685378492
-0.7213290217332542 -0.6819879580289125 0.4934380748309195
-0.7626056144945323 -0.8851399780251086 -0.4119200645945966
0.0009483355097472668 0.2189921047538519 -0.8104923209175467
-0.27455589547753334 0.6154464138671756 -0.8232689453288913
-0.16244214586913586 0.16404341859743 0.7270763940177858
0.04582285135984421 -0.6267270282842219 -0.8254730212502182
-0.671087731141597 0.8975571878254414 -0.03814354119822383
-0.2678541336208582 -0.6712900660932064 -0.25040935864672065
-0.11279446305707097 0.9987526475451887 0.6845560679212213
-0.19762615859508514 0.16146345483139157 -0.05232883710414171
-0.32824232056736946 0.9660340882837772 0.7766453037038445
0.39334184443578124 -0.5718098431825638 -0.8626344129443169
-0.28826718404889107 -0.45306377578526735 0.4525164747610688
-0.010424431879073381 -0.7797163710929453 0.8463618466630578
0.6428128769621253 -0.9568206183612347 -0.5200623110868037
-0.04074077494442463 0.5724105085246265 -0.5859395419247448
0.42925517726689577 0.12605848582461476 -0.1489135306328535
0.17797198705375195 -0.3634486701339483 0.06175723299384117
0.2943175067193806 -0.27113276068121195 0.5453724330291152
-0.1548346783965826 -0.45168173126876354 -0.7503286455757916
0.5983231104910374 0.36572440015152097 -0.5808092323131859
-0.6384126991033554 0.2632981948554516 -0.04964968701824546
0.12017942499369383 0.07481556432321668 -0.07336401520296931
0.5381228975020349 -0.5053906845860183 -0.967871808912605
-0.01992633519694209 -0.2926283376291394 -0.9043688415549695
-0.9287173855118454 -0.1821216051466763 -0.7645873143337667
-0.2858352577313781 -0.9577360395342112 0.7174757737666368
0.9643739936873317 0.8015823820605874 -0.06760026747360826
0.18167557008564472 0.7872307351790369 0.5578255010768771
0.6309710079804063 -0.526193852070719 -0.2005022130906582
-0.4436661056242883 -0.6021119672805071 0.5267873001284897
0.6628442420624197 0.45762734254822135 0.18532325932756066
0.4093088377267122 -0.9631961416453123 0.41721216030418873
-0.7691145315766335 -0.10550245828926563 0.3614850281737745
0.7433178699575365 -0.6262370799668133 0.17010843567550182
0.09563902299851179 -0.8014255692251027 -0.8896156493574381
-0.7564678182825446 -0.11878257198259234 -0.9859152436256409
0.8993832236155868 0.3389302999712527 0.39837701292708516
0.09603841137140989 0.41439773002639413 0.35071639716625214
0.6544928066432476 -0.35434615099802613 0.16198375262320042
-0.7415017206221819 -0.21582738030701876 -0.7193504865281284
-0.8513812869787216 0.15651462133973837 0.6302450830116868
0.15783526562154293 0.6978323231451213 0.9219291820190847
-0.5764334225095809 0.19777630921453238 0.6194518394768238
-0.06269253278151155 0.7189289284870028 -0.9284853106364608
0.6663486543111503 0.7837217207998037 -0.5855234893970191
0.1906153652817011 -0.13731628842651844 -0.7161290608346462
0.9445631396956742 -0.6933507835492492 0.26547046191990376
-0.9982696869410574 0.16113586025312543 0.22508065728470683
-0.7200467982329428 0.6145819551311433 -0.3523031212389469
-0.9834704734385014 0.8536701295524836 0.6424012850038707
-0.10784820048138499 0.9322004946880043 0.6300739916041493
-0.37992558162659407 -0.939098478294909 0.8833137289620936
0.9298160173930228 -0.015343203209340572 0.7642762903124094
0.7292162305675447 0.727178143337369 0.40225211158394814
-0.46794729586690664 0.12931834300979972 0.47908697882667184
0.8515752968378365 -0.9212188976816833 -0.34195828484371305
-0.8773692045360804 0.012956882826983929 0.3320785746909678
0.3523395354859531 -0.205864027608186 -0.49256316805258393
-0.07514072861522436 -0.08165534120053053 0.8337840791791677
0.13930613547563553 0.7630465179681778 0.7624759986065328
0.479656801559031 -0.5198070793412626 0.7563325599767268
-0.46988177159801126 -0.9880995508283377 -0.813906033989042
-0.23261432442814112 0.633155785035342 0.8730453220196068
-0.0657696663402021 -0.784756375476718 0.04286374431103468
-0.41515666572377086 -0.06830604327842593 -0.8084063623100519
-0.3875761325471103 0.5569365527480841 0.35102665750309825
0.19603544706478715 -0.4886028398759663 -0.43443751614540815
0.03890350786969066 0.15106509625911713 0.9338701940141618
0.9640621598809958 -0.641186133492738 0.6172179719433188
0.9893207899294794 0.863721723202616 0.2114672278985381
0.06981574976816773 -0.2862586732953787 -0.431438724976033
0.01727971900254488 0.5876850830391049 -0.9037916795350611
-0.2321462221443653 -0.5878529390320182 0.09353049425408244
-0.9759573442861438 0.3333802279084921 -0.2597483699209988
-0.20736936340108514 -0.17255615396425128 -0.343521841801703
-0.7332376469857991 0.7579629044048488 0.6336693274788558
0.4994963421486318 -0.9044853113591671 -0.9117297916673124
0.2970516253262758 0.431677286978811 0.38753578159958124
0.23896332317963243 -0.30224558943882585 -0.15621581440791488
0.554700993001461 0.24775672471150756 0.21054486744105816
-0.606624742038548 -0.17733464762568474 -0.2895237444899976
0.6257443749345839 -0.8489856435917318 -0.005109598394483328
0.6025931150652468 -0.3967709746211767 -0.6746948575600982
0.08814555825665593 0.1593180513009429 -0.4899556115269661
-0.6547416402027011 -0.08580249221995473 -0.15720547689124942
0.4565841560252011 -0.7481792345643044 -0.6355653195641935
-0.6111991791985929 -0.944903033785522 0.2756218849681318
0.15974747436121106 -0.7351245516911149 0.7820214503444731
0.7661542627029121 -0.937069786246866 0.06415455834940076
-0.39516122452914715 0.3394731627777219 -0.6037973281927407
0.4794672066345811 -0.19709446048364043 -0.5410208031535149
0.15895163593813777 0.7341846483759582 0.24845286505296826
0.9152788780629635 -0.6506106504239142 0.582111919298768
0.22000884311273694 0.05725559685379267 -0.4292552899569273
-0.27150224102661014 -0.2564946385100484 0.5010344181209803
0.36219525057822466 -0.4344605323858559 -0.27725571068003774
-0.25176434265449643 -0.2146158218383789 -0.5753380223177373
-0.306562383659184 -0.513160465285182 0.4905744860880077
0.11224563093855977 -0.8368544983677566 0.29568596789613366
0.24209039285779 -0.20384489139541984 -0.20758402114734054
-0.008814770728349686 0.2009749598801136 0.5499595599249005
-0.9399171723052859 0.2828688812442124 -0.8836823115125299
0.28684062231332064 0.6619331263937056 -0.11534076975658536
-0.4194794255308807 -0.2447613039985299 -0.25062185572460294
0.1529000555165112 -0.13183712866157293 -0.235011113807559
-0.09728535544127226 -0.9289298229850829 0.18829858116805553
-0.04941262397915125 -0.048800074961036444 0.8904205458238721
-0.6211947547271848 0.9988410514779389 0.19540183246135712
0.1347465249709785 0.6028669504448771 0.5938028083182871
-0.6963065573945642 0.7964506042189896 -0.9634670983068645
0.12186212372034788 0.08615522691980004 0.6133890654891729
0.4104547160677612 -0.48687279084697366 0.9877663720399141
0.4981636432930827 0.9827027930878103 -0.5693453489802778
-0.13171244226396084 0.3174604121595621 0.7514425301924348
-0.27665227465331554 -0.9208520697429776 -0.049582486506551504
0.8948858371004462 -0.28756591444835067 0.6858024247922003
0.007998351007699966 -0.37545296316966414 -0.22615417325869203
-0.5970403579995036 0.4753693249076605 -0.4765452132560313
0.9840293517336249 0.8224775171838701 0.2964359223842621
-0.09583056345582008 -0.9218330215662718 0.39273521583527327
-0.04375976976007223 0.3505735476501286 -0.22268742276355624
-0.2210802212357521 0.7834808225743473 -0.6812970647588372
-0.4372253939509392 -0.635438050609082 -0.32473598700016737
0.08229197980836034 0.6110586174763739 0.5917614982463419
0.44042019732296467 -0.16506738308817148 -0.8082329486496747
0.33697099797427654 0.1635164967738092 -0.4894996555522084
-0.40010554902255535 -0.950435294304043 0.741704988759011
-0.14944864204153419 0.4431592831388116 -0.848108827136457
-0.0986260948702693 0.6921946355141699 -0.9415439637377858
-0.8403008435852826 0.37979180831462145 0.6803443832322955
-0.29991199169307947 -0.21713330363854766 -0.25782606191933155
0.3057751106098294 -0.022094269283115864 0.9913119110278785
0.45292234839871526 -0.4600224173627794 0.6533351200632751
0.5137768820859492 0.609462823253125 -0.4518324467353523
0.7087941933423281 0.2874482204206288 0.10470095556229353
0.6497414857149124 -0.25823914306238294 -0.6087364638224244
-0.8225140608847141 0.7063367469236255 0.16691054217517376
0.6878959545865655 -0.45118269929662347 0.28524764347821474
-0.3813647134229541 -0.8948822459205985 0.16899790056049824
-0.33686926821246743 -0.688714096788317 -0.4518377250060439
0.3516325973905623 0.9231291115283966 -0.6624110778793693
0.1947365552186966 0.1228468487970531 0.012215918861329556
-0.598306109663099 -0.5688158073462546 -0.6625010366551578
0.13357606064528227 -0.5419736951589584 -0.8072620555758476
-0.15932547254487872 0.2920937486924231 -0.4988899612799287
0.16382762510329485 0.782889278139919 0.41995314648374915
-0.7678623888641596 0.45476423064246774 0.06990666361525655
-0.5686606280505657 0.27250343188643456 0.13961121812462807
0.1109516266733408 -0.5934053035452962 0.04570695059373975
0.8090787171386182 0.48647137451916933 0.19473260082304478
-0.111315393820405 0.08258411567658186 0.17211371148005128
0.05570063367486 -0.5042482912540436 -0.742026639636606
0.24693975411355495 0.9975493927486241 0.7742404895834625
0.9336892580613494 -0.16587341111153364 0.4711915557272732
0.8105300641618669 -0.9853408746421337 -0.3905478995293379
-0.8642357629723847 0.5993072185665369 0.4920363179408014
0.8294397057034075 0.16420799307525158 -0.24888963112607598
-0.3713531489484012 -0.5657568043097854 0.4231541710905731
0.08521311171352863 -0.3609189656563103 -0.2944990233518183
0.8874449939467013 -0.6115252887830138 -0.5784544278867543
-0.5394195867702365 -0.7836873233318329 -0.8293390958569944
-0.043514367658644915 0.41622270783409476 -0.6737593584693968
-0.6310048955492675 -0.05592280300334096 0.5263926759362221
-0.3398745497688651 0.9366645878180861 0.9000879307277501
0.07343912264332175 -0.6192225250415504 0.5391702139750123
0.052334852050989866 0.5209692865610123 0.2988366261124611
-0.7104700361378491 -0.5922860871069133 -0.3719317917712033
0.8853632919490337 -0.04860959202051163 0.9992133467458189
0.9556942018680274 0.6132434685714543 -0.10148083418607712
-0.6275814059190452 -0.27249892009422183 -0.4687161026522517
0.18788695335388184 0.373944996856153 -0.6813240847550333
0.8998460662551224 -0.7735399790108204 0.24365217750892043
-0.4361579087562859 0.8771103313192725 -0.628896580543369
0.3367513120174408 0.3612430696375668 0.46314373379573226
-0.3056895798072219 -0.27073684986680746 -0.46669975901022553
0.5036806589923799 0.1745334742590785 0.19011141220107675
0.7178437942638993 -0.11704958323389292 0.7829153211787343
0.892934831790626 0.7266539232805371 0.54310815455392
-0.5974955721758306 0.43351646326482296 -0.8446355070918798
0.07494514668360353 -0.13785898173227906 -0.6521449792198837
0.780771498568356 0.22947886353358626 0.6838234039023519
0.3851653812453151 -0.05953708942979574 -0.12141450215131044
-0.11411034176126122 -0.6257215151563287 -0.7118264585733414
0.3929020743817091 0.7651926972903311 -0.6515270532108843
0.03384758811444044 -0.6969247390516102 -0.36223236797377467
-0.16964770713821054 -0.11409884691238403 -0.08876042487099767
0.6190303699113429 0.15521989669650793 -0.07495487155392766
-0.6020401990972459 0.2789220456033945 -0.3208681461401284
-0.3369273697026074 0.0760528352111578 0.3603971884585917
0.9849350284785032 -0.4403111068531871 0.2495366306975484
-0.14972419338300824 -0.6443222272209823 -0.3631070819683373
-0.11191814998164773 0.9244696912355721 -0.579716898035258
0.773420023266226 -0.35650166869163513 -0.32155335415154696
-0.616847868077457 -0.6514169983565807 -0.14544093096628785
0.6905062943696976 0.7828272925689816 -0.5355893331579864
0.36982316616922617 0.8383471574634314 0.24806884862482548
-0.20909440098330379 -0.8458279762417078 0.4390992568805814
-0.22053207736462355 0.8697316432371736 0.2743208985775709
0.9990055300295353 -0.807085535954684 -0.4339899546466768
0.20476844860240817 0.6617725272662938 0.5606711306609213
0.3182639852166176 -0.7520190891809762 -0.0028542582876980305
-0.6535816877149045 0.9570092940703034 -0.1814932837150991
0.7588628865778446 -0.7075509889982641 -0.19371600029990077
0.20814788667485118 -0.1964093171991408 0.03966574603691697
-0.02763676457107067 0.7758949310518801 0.3641867940314114
-0.5937649621628225 -0.4874202683568001 0.8073307927697897
0.9765774165280163 0.9190744645893574 0.32867863681167364
-0.4740945170633495 0.9622217761352658 -0.04245458682999015
-0.38301361771300435 -0.6975573040544987 -0.031794173177331686
-0.258460754994303 0.8019064483232796 -0.9017061637714505
-0.7574288719333708 0.2704656063579023 -0.7778688566759229
-0.06246887193992734 0.7363581988029182 -0.7459893217310309
-0.9418951119296253 0.1612793756648898 0.4415038893930614
-0.47513329330831766 0.28538126265630126 0.36321546975523233
-0.3361508366651833 0.5702941659837961 -0.6332344193942845
0.11941497679799795 -0.39175661560148 -0.5696044457145035
-0.9116938496008515 0.9394122920930386 0.2636522250249982
0.9872250347398221 0.800470944494009 -0.4199197259731591
0.3039489993825555 0.9194107041694224 0.19616727996617556
0.41893787076696754 0.3628261866979301 -0.9021711717359722
0.8682980984449387 0.2258770428597927 -0.2194729638285935
0.0692072524689138 0.590518293902278 0.2820451222360134
0.6811000895686448 -0.5710050826892257 0.07279539806768298
-0.578815667424351 -0.9539321172051132 -0.5841287090443075
-0.9767754329368472 -0.15908349631354213 0.6473094024695456
0.20088259130716324 -0.9202057369984686 -0.36331743467599154
-0.03945097280666232 -0.2747367317788303 -0.47383037488907576
-0.2517051794566214 0.8317741616629064 -0.222802447155118
0.260591521859169 -0.355690554715693 -0.15659300703555346
-0.6130180624313653 0.1729705836623907 -0.7291683643124998
0.08090146631002426 -0.8108775108121336 -0.9153361176140606
-0.6045693578198552 0.37844878574833274 0.5350031601265073
0.9450348932296038 -0.09565247036516666 0.5579999987967312
-0.3105453313328326 0.26847245963290334 -0.4200081010349095
0.506895053666085 -0.0382558167912066 -0.5762718920595944
0.6847704858519137 -0.779313825070858 0.1906432006508112
-0.19063956709578633 0.02866758545860648 -0.10953985806554556
-0.049648383166641 0.017621970735490322 0.7452942226082087
0.49400666588917375 0.08445310406386852 -0.0972039089538157
0.2594065209850669 0.21981174405664206 0.11685441387817264
0.1736710937693715 0.12696488201618195 0.2877482185140252
0.8967093769460917 0.8191811325959861 0.8473669397644699
-0.7596725998446345 0.5847468366846442 -0.490043384488672
-0.1884003491140902 0.008333010133355856 -0.563404661603272
0.8954709391109645 0.025505684781819582 0.9651455199345946
0.367022437043488 0.6298585184849799 -0.3870373824611306
0.8568020765669644 0.9301566947251558 0.02993681700900197
0.758303340524435 -0.5535628506913781 0.2764720367267728
-0.32608476746827364 -0.4272666494362056 -0.611898201983422
0.45708669954910874 -0.06955643370747566 0.8720493400469422
0.13346567982807755 -0.32072919979691505 0.3742069569416344
0.1308496636338532 0.22237111907452345 0.3009865330532193
-0.27638853155076504 -0.09270560462027788 -0.40551962004974484
-0.7825458492152393 -0.4339130185544491 -0.6880397000350058
-0.3734259773045778 -0.10233846446499228 -0.30551684787496924
0.3248336291871965 -0.1402517636306584 0.4985257927328348
-0.7248485302552581 0.3033956568688154 0.9313377379439771
-0.6632708893157542 0.24027640325948596 -0.9313485235907137
0.8128636493347585 0.44641712540760636 0.2914717900566757
0.11290124524384737 0.663229369558394 0.9465616517700255
-0.5487948944792151 0.7146907080896199 0.4555374304763973
0.7837920533493161 -0.9927995624020696 0.7952776094898582
-0.5040783146396279 0.7628244925290346 0.7338536395691335
0.36203019274398685 0.8784337346442044 -0.7493038852699101
-0.8780881012789905 0.6953422483056784 -0.482099621091038
0.9023436605930328 -0.1499631330370903 -0.3163632689975202
0.9794067139737308 -0.21848802966997027 -0.11608824273571372
0.132745074108243 0.20185160264372826 0.5456434353254735
0.9273825376294553 -0.12678512278944254 -0.6834357967600226
0.7961080982349813 0.4372910698875785 -0.23249778570607305
-0.8216600697487593 0.21634023264050484 -0.3567555700428784
0.573119314853102 -0.01756219146773219 0.49918924923986197
-0.5859781485050917 -0.14112434210255742 0.29120660154148936
-0.4506110022775829 0.630507480353117 0.9429007205180824
-0.5856281383894384 0.5837177145294845 -0.5998067567124963
0.6270722476765513 0.7256327345967293 0.31230229418724775
-0.001878619659692049 -0.7533545601181686 0.2490990529768169
0.06090231332927942 -0.9436544850468636 -0.9799500261433423
-0.03233747556805611 -0.24034268874675035 -0.3604762991890311
-0.6808409048244357 -0.49848361080512404 -0.9508277103304863
-0.43836867017671466 0.9318218301050365 -0.6138854660093784
-0.9341083006002009 -0.9430109392851591 0.3011526605114341
0.7043762328103185 -0.7387767708860338 0.9040497965179384
0.5924227801151574 0.6261012717150152 -0.0035688928328454494
-0.9297611741349101 -0.6421762215904891 0.48874505376443267
-0.9371623247861862 0.3371560820378363 -0.570539818610996
0.23165026493370533 -0.6214682469144464 -0.1344674755819142
0.2320151748135686 0.10128022124990821 -0.9914902430027723
0.2674769149161875 -0.7649974599480629 0.1345985410735011
-0.41251168586313725 -0.7231189180165529 0.865732935257256
0.05564772989600897 0.5861166501417756 0.4947136943228543
0.6960076512768865 0.0006966963410377502 -0.4282983224838972
0.7701226063072681 0.2601146795786917 -0.8862305716611445
0.06111390329897404 0.5956345349550247 0.168558768928051
0.3699483391828835 -0.7670195163227618 -0.15249870624393225
-0.9951126677915454 -0.7297150874510407 -0.14465209795162082
0.9749804940074682 0.04512510681524873 0.786137412302196
-0.7378670261241496 -0.5664987866766751 0.5665092617273331
-0.9253548528067768 0.7480729231610894 0.3056730879470706
0.6039706361480057 0.44918087404221296 -0.2451302893459797
-0.6144149978645146 0.8379498645663261 0.82425845740363
0.7199123320169747 -0.5268127927556634 0.819328520912677
-0.7930978569202125 -0.47719485266134143 -0.9198212074115872
0.603146159555763 -0.7442426029592752 0.3846552884206176
0.1936528915539384 0.6025459803640842 -0.8923141336999834
0.6591564756818116 -0.5108469873666763 0.573900037445128
0.2460897541604936 -0.04691305151209235 -0.9138830206356943
-0.5334850703366101 -0.13095513405278325 -0.467105271294713
0.838871939573437 -0.07802834315225482 0.5628421558067203
-0.8187956451438367 0.15696360589936376 0.8926916746422648
0.15256575727835298 0.13012897409498692 -0.49394658161327243
-0.7431569430045784 -0.10880248108878732 0.9435928515158594
-0.13366928044706583 0.968608669936657 -0.950340089853853
0.7689786939881742 -0.7923069596290588 -0.18501322530210018
-0.9990620967000723 -0.2688137171790004 0.007165854796767235
-0.044581130146980286 -0.6117603238672018 0.7632843828760087
0.9576855208724737 0.3133859639056027 -0.12969686649739742
0.87561159953475 0.4940749001689255 -0.7792068459093571
-0.21112868981435895 0.005986270494759083 -0.9375109439715743
-0.39845093013718724 0.6388272410258651 -0.8294449029490352
0.1469227741472423 -0.13655902445316315 -0.9723582682199776
-0.8025415814481676 -0.9917731680907309 -0.9332600855268538
-0.19071862148121 0.06878193002194166 0.8951884438283741
-0.7526792217977345 0.6009979727678001 0.7855138988234103
-0.13982738414779305 0.32850348949432373 -0.06682363990694284
0.35754435881972313 -0.22594894655048847 -0.5437385807745159
-0.8196133081801236 0.9962628646753728 -0.6289348090067506
-0.18069704482331872 0.6285779844038188 0.35252417903393507
-0.8228972274810076 0.3680396187119186 0.2956220246851444
0.9228815683163702 0.37010447308421135 0.19165981793776155
0.8334832023829222 0.7121755890548229 -0.2831834554672241
-0.6812745011411607 -0.730686143040657 0.33427707804366946
-0.23556464491412044 0.1267778375186026 0.8737707938998938
-0.9995227409526706 -0.23101475555449724 -0.2556113642640412
0.4688816638663411 0.968222183175385 0.06243208749219775
0.7657828493975103 0.2621834543533623 0.5283215376548469
0.9624719577841461 0.635176909621805 -0.48286656523123384
-0.8700122814625502 0.5800914173014462 -0.15565358428284526
0.7016101065091789 -0.9355761455371976 -0.9922220250591636
0.7766528241336346 -0.14539297949522734 -0.36636575451120734
-0.8494850704446435 0.9182154885493219 0.4198049111291766
0.5182187636382878 0.3288532653823495 0.16675976058468223
-0.16713020531460643 -0.29930391209200025 0.5543424901552498
-0.3944018930196762 0.23011665930971503 -0.08461288828402758
-0.45473791332915425 0.24581029592081904 0.7180101796984673
0.6494429376907647 0.40819821087643504 0.8058948824182153
-0.6379160610958934 -0.5515006585046649 -0.6918691494502127
0.26500725327059627 0.748656083829701 -0.912441385909915
0.0965107106603682 0.8574674101546407 -0.8317090994678438
-0.5100862397812307 -0.08045940473675728 0.17318519297987223
-0.7310390342026949 0.5167887369170785 0.7015472813509405
0.14896853081882 -0.849822819698602 -0.9925452503375709
-0.7020820411853492 0.3662007050588727 -0.6850733049213886
-0.7808148465119302 0.8523959708400071 -0.41156366653740406
0.5315402797423303 0.5514658507890999 0.11239062855020165
-0.6191940624266863 -0.899891619104892 -0.13446113327518106
0.15541174728423357 -0.9808944510295987 -0.23690822767093778
-0.9954668702557683 0.6442810562439263 0.9475873219780624
0.15387674560770392 -0.19477908639237285 -0.8129736864939332
-0.9571728380396962 -0.9731295378878713 -0.7841136143542826
-0.6519073927775025 -0.9951685718260705 0.03241534251719713
-0.6523642740212381 0.9759918707422912 0.0631040153093636
0.8730295370332897 -0.22261868976056576 -0.42664413806051016
0.421214843634516 -0.5411114194430411 0.6783691677264869
-0.31834361469373107 -0.5577853447757661 0.048264623153954744
-0.961668950971216 0.3797135902568698 0.996251224540174
-0.2989518791437149 0.9269499774090946 -0.06240415200591087
0.305830258410424 -0.8678333377465606 -0.13646602351218462
0.39915124885737896 -0.2789715095423162 -0.8353882799856365
0.5992005625739694 0.2990451334044337 -0.8373302142135799
0.09362172987312078 0.6061019510962069 0.9070550235919654
-0.5646314625628293 -0.8665754408575594 0.73381502693519
-0.6364577230997384 -0.16020494978874922 0.3823662931099534
-0.9130824054591358 0.4408852723427117 -0.32557277800515294
0.9719158448278904 0.4219173709861934 0.49898185255005956
-0.31670523807406425 -0.8946182494983077 -0.8611173881217837
0.5843133204616606 -0.2212186842225492 0.8045928403735161
-0.4710580389946699 0.11635209294036031 0.6296672476455569
-0.30764627968892455 0.5602186573669314 -0.2019310719333589
0.5445503951050341 -0.9920577062293887 0.48524979688227177
-0.3100813627243042 0.501923690084368 0.8544214107096195
0.25662239221856 0.4105099211446941 0.5154508673585951
0.8053899253718555 0.5878721983172 0.6144385542720556
-0.7436266830191016 -0.6075764545239508 -0.0472470298409462
0.7986909952014685 -0.6179689858108759 -0.7018058961257339
-0.5786466114223003 -0.41586457984521985 0.5551343262195587
-0.12042530067265034 -0.337615801487118 0.026115908287465572
-0.36946665216237307 -0.3757304367609322 0.7179243848659098
0.8277497780509293 -0.5866518365219235 -0.1558228232897818
-0.9207677287049592 -0.36565483920276165 0.14278392726555467
-0.8405142407864332 0.8265000036917627 0.4250847399234772
-0.31689502438530326 -0.7665492095984519 -0.08798614609986544
0.1953163114376366 0.7352803661487997 0.06682729907333851
-0.06490159453824162 0.9501759284175932 0.7284939773380756
0.12299267528578639 0.9102361984550953 0.526602178812027
-0.22244659112766385 0.22919290699064732 -0.5442802631296217
-0.04834436206147075 -0.9922323506325483 -0.9792658784426749
0.6096232500858605 0.4387950492091477 0.6775798513554037
-0.35478902282193303 0.46506232721731067 0.16194571508094668
0.9336985535919666 -0.33433682657778263 -0.8090717792510986
-0.5658713448792696 0.10178697062656283 0.1429155832156539
0.039250114466995 0.9126963489688933 -0.9276592419482768
-0.42409285716712475 0.4467365266755223 -0.5465279659256339
-0.7056726673617959 -0.43846196308732033 -0.6514580217190087
-0.6465857080183923 0.7816825970076025 0.737960247322917
0.6485410844907165 0.4569562831893563 0.07627604948356748
0.4304289543069899 -0.23272329242900014 -0.6752003296278417
-0.6704370165243745 -0.9559790482744575 0.5251293927431107
0.8529804623685777 0.4021036899648607 -0.6342624216340482
-0.6347433608025312 0.2764016389846802 0.5511153168044984
-0.560587652027607 -0.33388565201312304 -0.966692513320595
-0.5136752012185752 0.9550431803800166 0.09190622717142105
0.286215933971107 -0.6245210245251656 0.8573422371409833
0.7689842036925256 0.2552251690067351 -0.9236517348326743
-0.5245908899232745 0.5340779256075621 0.18962829606607556
0.01305049005895853 0.2763238693587482 -0.9213636619970202
0.7486048117280006 0.21094011282548308 0.6841838574036956
0.982857374008745 0.23299477249383926 0.016091509256511927
-0.6885425173677504 0.3964362242259085 0.5984990289434791
-0.017370236106216908 -0.19241353077813983 -0.49223846243694425
-0.01890092482790351 -0.004113138187676668 0.9886163002811372
-0.5127838323824108 -0.00007477821782231331 -0.5166409718804061
-0.15152651770040393 0.6812061881646514 0.9604056919924915
-0.7385525885038078 -0.6236630850471556 -0.018094118684530258
0.8159975372254848 -0.6284387717023492 0.5734143708832562
-0.589991360437125 -0.20110930362716317 -0.9156474280171096
0.06088025402277708 0.1856826446019113 0.9029493145644665
-0.9616002538241446 -0.28468732303008437 -0.10313778789713979
-0.5871537690982223 0.7843504576012492 0.6244816710241139
0.8869480951689184 0.8376095686107874 -0.8152305069379508
0.6097051068209112 -0.41559560038149357 -0.16585191851481795
0.6502227233722806 0.47104313550516963 0.283876717556268
-0.3378530335612595 -0.2645166967995465 -0.2282153144478798
0.01771359983831644 0.34685422712937 0.6659115082584321
-0.5686839283443987 -0.11375890672206879 -0.14597286703065038
0.9342361041344702 -0.5148818613961339 0.018959803972393274
0.8274954385124147 0.8191909212619066 -0.6214443864300847
0.57739566732198 -0.5076738982461393 -0.22447972605004907
-0.3706644154153764 0.09628718066960573 -0.8451175261288881
-0.27131155598908663 0.9304836899973452 -0.22790253860875964
0.3990180231630802 -0.505037787836045 -0.9535870091058314
-0.5112731796689332 0.42695526825264096 0.879189311992377
-0.9756586556322873 0.051861447747796774 -0.1492582024075091
0.10498563572764397 0.03190119005739689 0.2963823261670768
0.5861820974387228 0.2116353497840464 0.7446097051724792
0.44226990221068263 -0.5588481742888689 0.9994060341268778
0.11669925739988685 -0.3630333445034921 -0.2518381718546152
0.11109411530196667 0.050050030928105116 -0.3139568120241165
0.5027666171081364 -0.29038560669869184 -0.5936382599174976
-0.46657345816493034 0.6157705704681575 -0.8235328947193921
0.885575566906482 -0.3212265484035015 -0.22256795596331358
-0.20497313467785716 -0.6940063396468759 -0.15590970031917095
-0.050764461513608694 -0.35370908258482814 -0.47718033101409674
-0.7989268908277154 0.07182260695844889 -0.24895354686304927
0.5027711056172848 -0.2725207363255322 -0.15774094918742776
-0.9487032792530954 -0.37861806293949485 0.28651010151952505
0.7483288808725774 -0.40883871586993337 0.023780332878232002
-0.20666772220283747 0.560784156434238 -0.2699801791459322
-0.47251636534929276 -0.5904096672311425 -0.19210550468415022
-0.5973205990158021 0.9824131978675723 -0.3730748468078673
0.9600021452642977 -0.18160581542178988 -0.8910056357271969
0.10342060308903456 -0.7842182535678148 -0.5566541133448482
0.278675286564976 -0.7102366564795375 -0.7462362172082067
0.25826236326247454 -0.8675650143995881 0.8025330174714327
0.48558979481458664 0.23620295245200396 -0.3463621153496206
0.20765596628189087 0.9579056692309678 0.012173150666058064
0.5309577160514891 0.2136435117572546 -0.9552795230410993
-0.5763014946132898 -0.11776728695258498 -0.2284729345701635
-0.34377454314380884 0.8495378382503986 -0.013138481881469488
0.35888355039060116 -0.5512048774398863 -0.9153398582711816
-0.5331417256966233 0.47141140326857567 0.5611095358617604
-0.030865668319165707 0.5947790103964508 0.7367775505408645
-0.8619204144924879 0.7271058671176434 0.3137928619980812
0.9598915660753846 -0.19355320697650313 -0.5819605574943125
0.29889772925525904 0.08657185966148973 -0.18488848535344005
-0.5563419181853533 -0.05411326698958874 -0.9893974736332893
0.1907329373061657 -0.5977443740703166 -0.06530722649767995
-0.38567062048241496 -0.5740263042971492 -0.6936353743076324
0.34535395447164774 -0.49117144104093313 -0.6128438389860094
-0.6176772369071841 -0.13803697237744927 -0.14408276230096817
-0.958052413072437 -0.745841960888356 -0.6569005744531751
0.7773170131258667 0.0519509962759912 -0.016267907340079546
-0.5344509561546147 -0.9412040361203253 0.8748167515732348
-0.58547443151474 -0.6838435847312212 0.9666521204635501
-0.31653486331924796 -0.014772181399166584 0.32553283497691154
0.5950722200796008 0.3371488070115447 -0.14899503998458385
0.5853377087041736 0.6825903677381575 0.4738076953217387
-0.18633568799123168 -0.3107237829826772 0.7623206074349582
-0.5669150752946734 -0.1737870047800243 -0.4517142721451819
0.6942196707241237 -0.17314046388491988 -0.5498683438636363
0.5982961938716471 -0.1293443413451314 -0.9934507021680474
0.9891667091287673 -0.3305450063198805 -0.5650363843888044
-0.9102825936861336 0.2513346904888749 0.1846557492390275
0.2474516830407083 0.6064391261897981 -0.9980718125589192
0.10657001007348299 0.4104543337598443 -0.6262886822223663
0.97807438345626 -0.5139665240421891 0.5379760474897921
0.6222355687059462 0.10200881212949753 0.3214365700259805
0.3459166781976819 -0.30771316960453987 0.8314765300601721
0.25947999907657504 -0.42425031308084726 0.022175267804414034
0.6267935000360012 -0.055339095648378134 -0.6731768655590713
-0.30633002892136574 -0.13823421159759164 0.6401864592917264
-0.5476411636918783 0.988968257792294 -0.05951306177303195
0.04470307566225529 0.7983073238283396 0.2543282797560096
0.5774369672872126 0.2834932650439441 0.5384204513393342
0.5448735156096518 -0.7358103166334331 0.23264736868441105
-0.5092883794568479 0.5183887337334454 -0.6253681811504066
-0.4852721942588687 -0.6851431205868721 -0.11552391154691577
-0.09147639945149422 -0.35200713900849223 0.3246002974919975
-0.5548722026869655 0.49717446975409985 0.9508866025134921
-0.46154516423121095 -0.17102656420320272 -0.9018451902084053
0.7739831362850964 -0.5409518275409937 0.07680511986836791
-0.49017315125092864 -0.5290562575682998 -0.23077372927218676
0.27568207075819373 -0.5433211955241859 -0.9783711354248226
0.6898789536207914 0.9987880671396852 -0.544377495534718
-0.037550327368080616 -0.2101535191759467 -0.18253077613189816
-0.2701374255120754 0.5718181566335261 0.8965396769344807
-0.40405382262542844 -0.09926906321197748 -0.7405301104299724
-0.6802939232438803 -0.6988543570041656 0.22646538447588682
-0.1962046530097723 -0.65392657648772 0.8512610150501132
-0.7352554509416223 0.7713509672321379 0.18496364308521152
-0.10717465309426188 0.9114430351182818 0.47255848115310073
-0.6828645821660757 0.8651581788435578 -0.3876811093650758
-0.6333323903381824 -0.34509255876764655 -0.9218263234943151
0.3241800628602505 -0.4148948020301759 0.4109367043711245
0.03396561276167631 -0.7539323535747826 -0.19544432824477553
0.8321631029248238 0.9456799980252981 0.09119748650118709
-0.37168331164866686 -0.5247464524582028 -0.06524276407435536
0.7348673944361508 0.842126009054482 0.5772440433502197
-0.8561893259175122 0.12680877977982163 -0.746753188315779
-0.8654037471860647 -0.4074791828170419 -0.20996236335486174
-0.9829368134960532 0.797025902196765 0.8618475794792175
0.5944149415008724 0.37958599673584104 -0.7765572732314467
-0.3724590162746608 -0.5192685602232814 0.4260740443132818
0.9202706967480481 -0.3637369447387755 -0.6861099661327899
0.31049596751108766 -0.8539438587613404 0.22035908466205
-0.28527788119390607 -0.23238042695447803 -0.8195441155694425
0.7326125716790557 -0.08257768955081701 0.5490467390045524
0.4751007161103189 -0.5630857045762241 0.5261969133280218
0.21918612532317638 -0.814375689253211 -0.15393546596169472
-0.8690404803492129 0.27800673013553023 -0.9012932651676238
0.8016948346048594 -0.9301817645318806 -0.12388978991657495
-0.9224498984403908 -0.619624849408865 -0.8878311351872981
-0.7929856716655195 -0.745928923599422 -0.2621769830584526
-0.5228695305995643 -0.47095348639413714 -0.5981596722267568
0.04942831303924322 -0.06395903928205371 0.0025912420824170113
-0.5230022142641246 -0.5990375597029924 0.07837857631966472
0.10592096578329802 0.6014850195497274 -0.17457186244428158
-0.4362921961583197 0.5611316114664078 0.2696287031285465
0.728632484562695 0.13671282166615129 -0.03558706631883979
-0.8079381361603737 -0.12511507235467434 -0.8980834959074855
0.4651414486579597 -0.8870681803673506 -0.7387569644488394
-0.9835590966977179 -0.9033310143277049 -0.41094303084537387
-0.3966095233336091 -0.2023801258765161 0.02780650043860078
0.48071900475770235 0.5361863314174116 0.43221862288191915
-0.19274382665753365 0.12914765672758222 -0.7466048523783684
-0.11358660040423274 0.5562318097800016 -0.22892074985429645
-0.4118342772126198 -0.16778804454952478 -0.5635795434936881
-0.4543968443758786 0.16659032367169857 0.315987064037472
0.4223789577372372 0.5720107615925372 0.38844937225803733
0.7845306871458888 0.19428828079253435 0.2674541734158993
-0.9890052946284413 -0.5677878595888615 -0.6123341787606478
0.7151700295507908 -0.7582357958890498 0.4092611335217953
-0.3232483076862991 0.7808344243094325 -0.5795599478296936
-0.5149493617936969 0.5020387405529618 0.448754146695137
0.023587696254253387 0.17761868005618453 -0.36854117596521974
0.17293681856244802 0.7878592829219997 0.11026148684322834
-0.520152120385319 0.6021583043038845 -0.24170477967709303
-0.9463565964251757 -0.03384852968156338 0.25729641132056713
0.2712266515009105 -0.7428969172760844 0.5035427417606115
-0.10237200185656548 -0.6144914096221328 -0.223246187902987
-0.3907682513818145 -0.5062064849771559 -0.07970948470756412
-0.0699684415012598 -0.4286323138512671 0.6981462948024273
0.2629056656733155 -0.8349499995820224 -0.9982391479425132
0.40865242620930076 0.606078059412539 0.4435103456489742
-0.5876947636716068 -0.9694218435324728 -0.10437464760616422
0.6649598879739642 0.24998304201290011 0.40781616140156984
0.09321512468159199 -0.2043726476840675 0.39751046476885676
-0.010180388111621141 -0.39299809793010354 -0.6145037054084241
-0.8534418349154294 -0.6801802269183099 0.9207688085734844
0.13564988551661372 0.7591486810706556 0.3317735530436039
-0.9446929995901883 0.3866647006943822 0.4538217135705054
-0.6696752258576453 -0.8895786572247744 -0.169955896679312
0.23850380815565586 -0.7090914361178875 0.15152912586927414
0.9815810872241855 0.9767059260047972 -0.8320451946929097
-0.5298220496624708 -0.0806085392832756 -0.5834203599952161
-0.08116960199549794 -0.5023245303891599 -0.11506431503221393
0.2122847200371325 0.6567973210476339 0.8749665641225874
0.6053252834826708 -0.6337846824899316 0.22485698387026787
-0.7903590714558959 0.880131637211889 -0.2533693336881697
0.9415164128877223 0.41078729927539825 -0.3440381661057472
0.07333089457824826 0.8375575570389628 0.4107031114399433
-0.023342838510870934 0.46067702723667026 -0.9802764295600355
0.8516931184567511 0.8782163672149181 -0.4662469574250281
-0.9267432214692235 -0.2964908266440034 0.9667037022300065
0.34026551991701126 0.0768949156627059 -0.5970440520904958
0.558717523701489 0.7570959436707199 -0.4173719296231866
-0.03873863769695163 0.36572784651070833 -0.7560477224178612
-0.620391913689673 0.8519014976918697 0.8288400839082897
-0.7414292944595218 -0.9318975550122559 0.6385928471572697
0.6219477490521967 0.6273757112212479 0.5640742350369692
-0.6154753416776657 0.3526687668636441 -0.41397248255088925
0.9257292551919818 -0.10333205247297883 0.44448735332116485
0.8245594315230846 0.11398940766230226 0.6182379238307476
-0.09500897722318769 0.02297934517264366 -0.9766059909015894
0.7591146952472627 -0.5244477279484272 -0.8020615405403078
-0.06484071118757129 -0.1884141624905169 0.12532203551381826
0.475613662507385 0.12403536681085825 -0.45145623944699764
-0.8219886836595833 0.6537834974005818 0.6676733307540417
-0.5707956259138882 -0.0792738189920783 -0.3844742518849671
0.8811843269504607 0.5661671184934676 -0.5796382864937186
0.3255475936457515 0.4396875109523535 0.556136910803616
0.2726107658818364 0.0997439376078546 -0.49192254384979606
-0.43621331360191107 0.12452802900224924 0.10138959251344204
-0.8201556680724025 -0.1801936123520136 -0.07008428825065494
-0.6571963052265346 -0.5390644366852939 -0.7527936296537519
0.005463542882353067 -0.44048598501831293 -0.7711123023182154
-0.10656720818951726 -0.3469346109777689 -0.3410445158369839
-0.21242067543789744 -0.9832043978385627 -0.15573399746790528
0.6208425462245941 0.6004702956415713 -0.1905559068545699
-0.7580881207250059 0.3610073304735124 -0.23989882413297892
-0.5490216026082635 -0.01358796190470457 -0.27936669532209635
-0.1019875705242157 0.32314718840643764 -0.897243651561439
-0.005043698474764824 -0.3102182927541435 -0.38412455981597304
-0.5795617774128914 -0.8354318304918706 -0.03373236022889614
0.4887592624872923 -0.7697512796148658 0.3592973812483251
0.9438804625533521 -0.502568977419287 -0.2349150595255196
-0.5485763698816299 0.24125274177640676 0.7076369998976588
-0.43067166302353144 0.04651499539613724 -0.2898932686075568
0.08456005901098251 -0.6621960466727614 -0.18434428796172142
-0.8581769014708698 0.15219169482588768 -0.954331080429256
0.4639876182191074 0.18863118067383766 0.38632260961458087
0.7130584283731878 -0.44949190178886056 -0.8948623114265501
0.700474614277482 0.5024814601056278 -0.9633992239832878
-0.8585427775979042 -0.6648997124284506 0.5855668908916414
0.3922843742184341 0.1174844242632389 -0.7742516882717609
-0.6269353381358087 -0.9027346316725016 0.6918089496903121
0.23445404786616564 0.3471591374836862 0.2278483654372394
-0.5977771477773786 -0.6053013438358903 -0.7397192073985934
-0.5134764052927494 0.8690960044041276 0.6388497967272997
-0.48072149604558945 -0.35275695426389575 0.46170899691060185
-0.36300687165930867 -0.15694785257801414 -0.6675777607597411
0.3581700320355594 0.6134043741039932 -0.9644819921813905
-0.6363674807362258 -0.9767414745874703 0.3767833951860666
0.16984091699123383 -0.5805145301856101 0.2597921811975539
0.6896233400329947 0.9375614784657955 -0.30971218552440405
-0.7708130129612982 0.8815094185993075 0.5124360551126301
0.462027610745281 -0.622660803142935 0.4698769636452198
0.47465036949142814 -0.8383710184134543 -0.5659631234593689
0.4430457213893533 0.8363723563961685 -0.9466391233727336
-0.6893514334224164 -0.17445388389751315 -0.5904925898648798
0.23921333020552993 -0.16944712214171886 -0.09701508656144142
0.04119343915954232 -0.48870506463572383 -0.12773635238409042
-0.13021057238802314 -0.5996765806339681 0.631568260025233
0.16000078478828073 -0.2353350310586393 -0.06952813267707825
-0.7682180432602763 0.2675260230898857 0.3969041034579277
-0.8850006214343011 0.658254989888519 0.9842012003064156
0.43604774214327335 -0.7402427508495748 0.4190895645879209
0.856366463471204 -0.551309771835804 -0.9793767868541181
0.5300216353498399 0.8836446460336447 -0.6134555842727423
0.7559075797908008 -0.19889969006180763 -0.928662191145122
-0.887554922606796 0.07408693013712764 0.4438394601456821
-0.6814995869062841 -0.382294116076082 -0.21802564803510904
-0.2372233346104622 -0.28792355535551906 -0.2284504221752286
0.15966477943584323 -0.5244890977628529 0.48281168565154076
-0.20001210225746036 -0.8121533440425992 -0.10235304897651076
-0.4262383817695081 0.1575482301414013 -0.5449141166172922
0.377069431822747 -0.7592696896754205 -0.3916441351175308
-0.6103923209011555 -0.5717588416300714 -0.038304246962070465
0.026495902333408594 0.8658951227553189 -0.9869665382429957
0.4623853242956102 -0.43238296266645193 -0.8339459891431034
0.9681095955893397 0.05328733567148447 0.24641943955793977
-0.13758971029892564 0.347134577576071 -0.42473800107836723
-0.7574324049055576 0.401683802716434 -0.7805483820848167
-0.44676853623241186 -0.33511391282081604 0.5051217586733401
0.07165518775582314 0.8084311913698912 0.9387209103442729
0.6317872703075409 0.43486198550090194 -0.2962354156188667
-0.2568372618407011 -0.10857440903782845 -0.5207646205089986
-0.46268126042559743 0.5152775747701526 -0.7362214587628841
-0.9285019724629819 -0.28422347037121654 0.15945127559825778
-0.39147359412163496 0.9437385704368353 0.5397196658886969
0.38647838588804007 -0.4392038006335497 0.4434709227643907
0.5744958193972707 -0.48674650117754936 -0.7661724011413753
-0.9817103212699294 0.6532702827826142 -0.7302194484509528
-0.49486853601410985 0.5132004744373262 -0.16084743523970246
-0.856220094487071 -0.626484917011112 -0.6717998669482768
0.29697834281250834 -0.602759902831167 -0.8243347671814263
0.24429915891960263 -0.34505821112543344 -0.13012996269389987
0.4409876223653555 0.09075657604262233 -0.7640135926194489
-0.3065880020149052 0.8847029721364379 -0.13572028651833534
0.0868648556061089 -0.8021495323628187 0.4526581303216517
0.09445418044924736 0.3674843506887555 0.643799542915076
-0.9309293502010405 0.6271191784180701 -0.26500501297414303
-0.7664596233516932 -0.4230258297175169 -0.25082316575571895
0.8024599868804216 -0.44521502032876015 0.162228315602988
-0.36463077273219824 0.5983706465922296 -0.4276852924376726
-0.06079539982602 0.5452063353732228 -0.8481190856546164
-0.6207586573436856 0.22380915936082602 -0.04491656320169568
-0.6047316691838205 -0.13321104645729065 0.7961374274455011
-0.8610840956680477 -0.400309800170362 -0.9042731877416372
0.6923252907581627 -0.4120303727686405 0.23402048274874687
0.3402119711972773 -0.6749131702817976 0.43929975759238005
-0.8721025357954204 0.8677747626788914 0.8802079632878304
-0.6967204553075135 -0.8280017282813787 0.19063937570899725
-0.20402957638725638 0.47685187263414264 0.592934173066169
-0.13747046794742346 0.6433985829353333 -0.7730985167436302
0.4265710739418864 -0.3458271590061486 -0.3860266702249646
0.7460052538663149 -0.4114944711327553 0.15297605423256755
0.924363796133548 -0.7077783262357116 0.00018360884860157967
0.38177757803350687 0.6766461301594973 -0.8774401634000242
-0.8072576685808599 -0.251607951708138 0.3907297495752573
-0.17465726286172867 -0.14497439470142126 -0.9248384926468134
-0.09372836677357554 0.7081908560357988 -0.6186714391224086
0.6179634141735733 0.7513363640755415 -0.3948993678204715
0.9303725347854197 -0.4628051929175854 0.7135831699706614
0.6708545344881713 0.6697776531800628 -0.6000678613781929
-0.3013406964018941 -0.43032616982236505 0.3717233710922301
