title
0.5227867984212935
0.833027204265818
0.5497982525266707
0.9325789937283844
0.41379458107985556
0.8513521989807487
0.9340951377525926
0.7332391710951924
0.4045376251451671
0.8011300866492093
0.24977121595293283
0.5936646852642298
0.7305210728663951
0.340226614382118
0.46168844657950103
0.2774156606756151
0.7352956118993461
0.3645212601404637
0.4476201240904629
0.6271771569736302
0.9396191842388362
0.2635463320184499
0.7863756425213069
0.1738449796102941
0.612562132999301
0.30319387139752507
0.7227865636814386
0.7765213239472359
0.8503898361232132
0.7015772440936416
0.5158764554653317
0.3136248381342739
0.600395722547546
0.0742270634509623
0.3292409279383719
0.1976462546736002
0.39259025012142956
0.23796511674299836
0.5415141570847481
0.38090340234339237
0.5937476109247655
0.14216990722343326
0.41881240787915885
0.14706074446439743
0.407796069746837
0.5146760917268693
0.49863973702304065
0.381161427590996
0.2589205182157457
0.27258922159671783
0.7428605004679412
0.820709562394768
0.5917660854756832
0.49809480272233486
0.7733132648281753
0.7391061023809016
0.2799400216899812
0.4808666978497058
0.08159312861971557
0.17737421696074307
0.9704456517938524
0.14915528940036893
0.5255661935079843
0.8602824662812054
0.9076834111474454
0.5099539877846837
0.6253350423648953
0.6677393291611224
0.24674443807452917
0.808896804926917
0.24040155485272408
0.3994887857697904
0.6021439542528242
0.7361769571434706
0.4105914162937552
0.022966249147430062
0.16249917959794402
0.7162596904672682
0.9881807852070779
0.9821672001853585
0.6613005970139056
0.2459802150260657
0.051330312388017774
0.2826824961230159
0.5374101505149156
0.3870014874264598
0.6390037052333355
0.13781304052099586
0.7481066246982664
0.14842217206023633
0.983718539820984
0.21697368985041976
0.1445715227164328
0.5083631039597094
0.8033271126914769
0.8950371416285634
0.6982713162433356
0.8279909892007709
0.809800673276186
0.9072616528719664
0.06793245463632047
0.06589276110753417
0.9694507780950516
0.9608403637539595
0.044018375454470515
0.6987962620332837
0.22292231232859194
0.36140575842000544
0.18300668522715569
0.5652205266524106
0.8959856403525919
0.68995162518695
0.8900546571239829
0.7041540336795151
0.021385875763371587
0.6311990229878575
0.45296604465693235
0.9911206050310284
0.007122622570022941
0.47672642278485
0.17499741655774415
0.16106344829313457
0.8971821402665228
0.03779925312846899
0.7090821175370365
0.6493801234755665
0.3052787382621318
0.1486927205696702
0.8139788177795708
0.8270369539968669
0.5093268188647926
0.3233904801309109
0.672814633930102
0.7772957149427384
0.5924525742884725
0.8663783033844084
0.6973522531334311
0.3131442454177886
0.12172588589601219
0.6862215639557689
0.5487503411713988
0.9091862833593041
0.6607354655861855
0.0466154245659709
0.38594177225604653
0.5209744444582611
0.11551105929538608
0.7711966698989272
0.6678473746869713
0.48780710995197296
0.09096275712363422
0.1004854068160057
0.6636720173992217
0.9215063031297177
0.7109270018991083
0.18152876780368388
0.9751360749360174
0.6109036987181753
0.8111134874634445
0.5075225564651191
0.5802119087893516
0.14915434760041535
0.14308280311524868
0.8034650248009712
0.2705941838212311
0.8524928104598075
0.2532792938873172
0.6093450309708714
0.5506979229394346
0.10287759313359857
0.9833595759700984
0.876775746466592
0.4339824947528541
0.8144248689059168
0.15900258417241275
0.9324352038092911
0.8302317224442959
0.3162840041331947
0.5570633586030453
0.7456160490401089
0.4198505892418325
0.020953809842467308
0.8497423972003162
0.6637171495240182
0.9529745338950306
0.27519028005190194
0.703525714809075
0.5724713772069663
0.7192790743429214
0.5739409532397985
0.13473941921256483
0.4318856233730912
0.9193925752770156
0.6811593568418175
0.4296950902789831
0.45303329615853727
0.03615079168230295
0.8743671921547502
0.7050630203448236
0.5240285287145525
0.22651065466925502
0.9655842073261738
0.4006902149412781
0.5358264439273626
0.80741061642766
0.6336677034851164
0.23800037917681038
0.1580671388655901
0.9917766686994582
0.7559786520432681
0.3431931908708066
0.8411878785118461
0.6874292260035872
0.4808469300623983
0.643463202752173
0.7726007129531354
0.1237644050270319
0.6781633829232305
0.2880794480443001
0.10091261845082045
0.4211434521712363
0.22845261357724667
0.8770131387282163
0.3530391661915928
0.3242941645439714
0.861661119852215
0.6127408966422081
0.79381014383398
0.5265142123680562
0.0948331702966243
0.715481094783172
0.9386557308025658
0.9555277414619923
0.2951866961084306
0.3812705399468541
0.12876574019901454
0.5334218430798501
0.5393935297615826
0.22105746204033494
0.7534074261784554
0.9116757011506706
0.5609284311067313
0.7888734189327806
0.37468446232378483
0.6895986951421946
0.4189693822991103
0.04882237524725497
0.2112552272155881
0.7188868937082589
0.32154225069098175
0.4414366811979562
0.9182594690937549
0.3252089370507747
0.5241179885342717
0.7726957064587623
0.7416329944971949
0.6739055253565311
0.7007138945627958
0.7857187159825116
0.46413199603557587
0.41852886672131717
0.008426017127931118
0.9791707217227668
0.19390424340963364
0.16798275848850608
0.5299098356626928
0.2735114567913115
0.32438108581118286
0.4904745996464044
0.1417652270756662
0.9622652602847666
0.6772085158154368
0.18644981062971056
0.828309531789273
0.44643842335790396
0.2957244354765862
0.8702587226871401
0.7702917831484228
0.3685327076818794
0.812746633309871
0.8782404763624072
0.7981791279744357
0.28272956470027566
0.5682249083183706
0.12127100117504597
0.502919323509559
0.5805125068873167
0.6502042289357632
0.1261719937901944
0.8376990871038288
0.6261652722023427
0.8892698923591524
0.655699074966833
0.2528644744306803
0.1270790898706764
0.2353385421447456
0.14852023730054498
0.7684485821519047
0.15605407860130072
0.8224118973594159
0.9681979196611792
0.6094646258279681
0.6732017872855067
0.7338903453201056
0.1627501321490854
0.31370240659452975
0.8788256668485701
0.1152887202333659
0.7429055450484157
0.6027852755505592
0.3855301826260984
0.24585856194607913
0.7745262521784753
0.6789936379063874
0.3233772579114884
0.4443808307405561
0.016156632220372558
0.19495054800063372
0.8860325834248215
0.21247124671936035
0.958483250811696
0.4679018403403461
0.4197012360673398
0.19339207955636084
0.9352404242381454
0.18591396091505885
0.27023945515975356
0.3549311119131744
0.2717356828507036
0.3627805926371366
0.9568697200156748
0.34695737482979894
0.8501007505692542
0.35618636873550713
0.26588535076007247
0.9937276965938509
0.7253713100217283
0.4611052325926721
0.653840895043686
0.846025797072798
0.9846509983763099
0.46608054847456515
0.6881083473563194
0.48274596268311143
0.03314595180563629
0.6847060821019113
0.012783606071025133
0.46043707616627216
0.6278135238680989
0.49801366007886827
0.13252402772195637
0.5191912592854351
0.8572299133520573
0.8827308788895607
0.6945126187056303
0.1460824585519731
0.8762207333929837
0.29946450190618634
0.39191000047139823
0.16087392531335354
0.6554587613791227
0.9257321844343096
0.9157869049813598
0.8896559679415077
0.6132776269223541
0.43057685042731464
0.3910825648345053
0.06557338265702128
0.280902684899047
0.6278698027599603
0.5490778090897948
0.9456901727244258
0.7382175703532994
0.09552537905983627
0.42905478295870125
0.7370316698215902
0.7694696851540357
0.4756275664549321
0.5763731766492128
0.08625982352532446
0.38913985481485724
0.03112403815612197
0.06852682423777878
0.2792586947325617
0.9161587951239198
0.31458911183290184
0.042818708810955286
0.06196081615053117
0.9826088959816843
0.38484010053798556
0.695015056990087
0.08792813471518457
0.409421359654516
0.66070018382743
0.3588799866847694
0.6341997510753572
0.4685478713363409
0.8853471702896059
0.9075252672191709
0.7657008601818234
0.568884315667674
0.08413695194758475
0.8708452491555363
0.16648288420401514
0.7547787753865123
0.6570921712554991
0.5265341764315963
0.33233575732447207
0.8955077368300408
0.8221619594842196
0.7697709635831416
0.0013622678816318512
0.6971061273943633
0.673313848907128
0.9589384973514825
0.5730557669885457
0.24395559099502861
0.43662999337539077
0.23538373736664653
0.05903372075408697
0.21332356589846313
0.13746407255530357
0.3033292193431407
0.7930081160739064
0.8602400801610202
0.1559123753104359
0.09649908286519349
0.8762743247207254
0.11116813914850354
0.46089946874417365
0.9083579923026264
0.7803016144316643
0.8550897997338325
0.4383335446473211
0.21651282883249223
0.7410459911916405
0.06648617261089385
0.8841497739776969
0.06274476344697177
0.520100923255086
0.34499518130905926
0.23998935241252184
0.8437274442985654
0.3282862761989236
0.07703141821548343
0.8757317159324884
0.2016422871965915
0.6233122029807419
0.267596454359591
0.8801971226930618
0.8630519097205251
0.8012332229409367
0.30173892225138843
0.36355664720758796
0.9960462974850088
0.5698555873241276
0.7549178402405232
0.24411399313248694
0.5129313338547945
0.09038959769532084
0.6529887353535742
0.3375426968559623
0.019954089308157563
0.6694389337208122
0.8931745074223727
0.09728636709041893
0.11002490692771971
0.6128873045090586
0.3381812651641667
0.5637848547194153
0.07778220088221133
0.4211926420684904
0.04742802307009697
0.17631019745022058
0.7029300313442945
0.8157385447993875
0.8929704145994037
0.28591198986396194
0.09353992622345686
0.5395427164621651
0.8512078879866749
0.21751623367890716
0.012297245673835278
0.5282077312003821
0.41768644214607775
0.894680388038978
0.9893948272801936
0.7654250888153911
0.6393227789085358
0.019359534606337547
0.02293776348233223
0.5046324795112014
0.3664440799038857
0.048779919976368546
0.37144482019357383
0.1613994464278221
0.003780930768698454
0.9980588641483337
0.7861901423893869
0.07452882756479084