29.000 26.000 -1.000
15.000 19.000 -17.000
17.000 25.000 -18.000
15.000 26.000 -16.000
21.000 29.000 -10.000
37.000 31.000 -10.000
30.000 37.000 -5.000
13.000 33.000 -21.000
12.000 42.000 -20.000
23.000 38.000 -10.000
25.000 47.000 -8.000
18.000 42.000 -13.000
12.000 52.000 -16.000
21.000 57.000 -11.000
42.000 31.000 -11.000
47.000 35.000 -10.000
44.000 45.000 -9.000
40.000 49.000 -4.000
33.000 48.000 -9.000
33.000 57.000 -8.000
8.000 61.000 -11.000
10.000 65.000 -5.000
6.000 16.000 -15.000
5.000 21.000 -19.000
4.000 29.000 -20.000
7.000 27.000 -12.000
11.000 40.000 -7.000
8.000 36.000 -17.000
5.000 44.000 -18.000
7.000 38.000 -12.000
9.000 48.000 -5.000
6.000 51.000 -16.000
8.000 56.000 -8.000
11.000 53.000 -1.000
39.000 33.000 -1.000
50.000 35.000 -4.000
42.000 39.000 2.000
46.000 33.000 10.000
52.000 31.000 1.000
54.000 28.000 8.000
41.000 27.000 8.000
32.000 29.000 8.000
47.000 19.000 9.000
35.000 19.000 13.000
41.000 12.000 10.000
48.000 12.000 4.000
51.000 12.000 10.000
54.000 18.000 17.000
55.000 23.000 18.000
42.000 22.000 18.000
38.000 15.000 21.000
45.000 9.000 17.000
20.000 61.000 0.000
22.000 53.000 -5.000
31.000 50.000 -3.000
25.000 49.000 4.000
25.000 56.000 9.000
25.000 49.000 15.000
35.000 50.000 14.000
38.000 52.000 9.000
37.000 54.000 3.000
37.000 43.000 7.000
37.000 43.000 17.000
33.000 45.000 22.000
25.000 41.000 20.000
27.000 35.000 28.000
36.000 34.000 30.000
40.000 40.000 25.000
37.000 33.000 14.000
43.000 29.000 21.000
47.000 35.000 23.000
46.000 29.000 29.000
44.000 23.000 29.000
33.000 31.000 36.000
9.000 57.000 5.000
11.000 64.000 7.000
10.000 53.000 9.000
15.000 46.000 9.000
8.000 52.000 17.000
14.000 63.000 14.000
19.000 58.000 17.000
8.000 60.000 22.000
9.000 45.000 22.000
15.000 37.000 20.000
9.000 44.000 30.000
8.000 56.000 29.000
22.000 53.000 24.000
25.000 47.000 30.000
22.000 40.000 30.000
17.000 46.000 36.000
8.000 52.000 35.000
8.000 47.000 41.000
8.000 34.000 34.000
14.000 29.000 29.000
14.000 18.000 37.000
9.000 26.000 38.000
8.000 33.000 43.000
8.000 39.000 48.000
18.000 37.000 43.000
22.000 30.000 37.000
21.000 24.000 42.000
20.000 30.000 49.000
11.000 32.000 52.000
9.000 18.000 48.000
11.000 12.000 44.000
14.000 4.000 42.000
8.000 6.000 50.000
9.000 16.000 60.000
9.000 24.000 56.000
21.000 21.000 54.000
22.000 14.000 48.000
23.000 4.000 47.000
22.000 12.000 57.000
14.000 7.000 59.000
24.000 3.000 59.000
20.000 -3.000 60.000
8.000 3.000 63.000
9.000 -2.000 57.000
10.000 -5.000 48.000
11.000 -5.000 66.000
29.000 25.000 40.000
38.000 27.000 42.000
41.000 18.000 47.000
32.000 17.000 45.000
38.000 19.000 32.000
33.000 13.000 28.000
42.000 17.000 39.000
37.000 5.000 35.000
32.000 11.000 51.000
41.000 6.000 49.000
39.000 7.000 42.000
27.000 2.000 45.000
30.000 4.000 50.000
43.000 3.000 15.000
48.000 4.000 10.000
57.000 4.000 7.000
54.000 -2.000 11.000
61.000 2.000 16.000
57.000 6.000 13.000
50.000 5.000 22.000
49.000 6.000 29.000
58.000 5.000 31.000
55.000 -3.000 21.000
47.000 -6.000 28.000
56.000 0.000 38.000
48.000 2.000 38.000
41.000 -2.000 42.000
51.000 -2.000 46.000
46.000 -8.000 36.000
39.000 -13.000 34.000
33.000 -17.000 41.000
42.000 -9.000 45.000
44.000 -4.000 53.000
31.000 -7.000 45.000
23.000 -7.000 48.000
34.000 -9.000 52.000
41.000 -10.000 59.000
38.000 -13.000 52.000
34.000 -22.000 47.000
27.000 -23.000 48.000
26.000 -21.000 59.000
34.000 -16.000 65.000
24.000 -11.000 54.000
26.000 -13.000 65.000
18.000 -22.000 63.000
18.000 -26.000 54.000
10.000 -28.000 65.000
15.000 -18.000 71.000
14.000 -12.000 61.000
5.000 -23.000 65.000
5.000 -31.000 61.000
8.000 -38.000 66.000
10.000 -35.000 55.000
7.000 -28.000 54.000
18.000 -39.000 50.000
19.000 -34.000 42.000
18.000 -26.000 39.000
12.000 -25.000 48.000
12.000 -15.000 46.000
6.000 -15.000 52.000
6.000 -13.000 64.000
6.000 28.000 -6.000
7.000 37.000 -2.000
9.000 41.000 6.000
9.000 37.000 14.000
6.000 31.000 20.000
7.000 26.000 26.000
7.000 18.000 30.000
6.000 10.000 34.000
7.000 2.000 38.000
12.000 -9.000 39.000
5.000 -5.000 34.000
5.000 -17.000 32.000
6.000 -24.000 38.000
14.000 -19.000 37.000
12.000 -30.000 38.000
7.000 -36.000 41.000
5.000 -33.000 32.000
11.000 -38.000 33.000
6.000 -45.000 30.000
6.000 -47.000 21.000
9.000 -49.000 10.000
27.000 -55.000 8.000
17.000 -47.000 5.000
50.000 -8.000 15.000
45.000 -13.000 21.000
52.000 -16.000 19.000
61.000 -17.000 20.000
61.000 -10.000 16.000
63.000 -5.000 13.000
64.000 -7.000 24.000
62.000 -9.000 32.000
51.000 -9.000 27.000
57.000 -10.000 36.000
56.000 -17.000 30.000
50.000 -19.000 38.000
57.000 -13.000 41.000
45.000 -17.000 38.000
45.000 -17.000 48.000
55.000 -14.000 48.000
50.000 -18.000 55.000
47.000 -24.000 50.000
42.000 -27.000 45.000
38.000 -31.000 50.000
45.000 -25.000 60.000
37.000 -25.000 49.000
36.000 -27.000 57.000
37.000 -32.000 62.000
31.000 -34.000 51.000
24.000 -34.000 59.000
30.000 -29.000 67.000
22.000 -30.000 56.000
23.000 -29.000 68.000
10.000 -34.000 66.000
14.000 -32.000 73.000
47.000 -23.000 21.000
37.000 -27.000 22.000
42.000 -34.000 20.000
50.000 -36.000 26.000
52.000 -22.000 23.000
58.000 -25.000 28.000
62.000 -24.000 33.000
60.000 -33.000 37.000
62.000 -38.000 31.000
63.000 -38.000 23.000
55.000 -40.000 42.000
56.000 -31.000 45.000
54.000 -26.000 38.000
48.000 -35.000 41.000
41.000 -36.000 36.000
43.000 -28.000 37.000
31.000 -36.000 43.000
29.000 -42.000 54.000
18.000 -40.000 64.000
16.000 -49.000 67.000
25.000 -45.000 59.000
32.000 -47.000 61.000
36.000 -43.000 49.000
33.000 -41.000 40.000
30.000 -49.000 43.000
35.000 -50.000 56.000
17.000 -52.000 57.000
14.000 -61.000 60.000
24.000 -58.000 58.000
26.000 -54.000 52.000
29.000 -58.000 45.000
22.000 -64.000 50.000
13.000 -69.000 54.000
21.000 -64.000 41.000
26.000 -57.000 40.000
29.000 -61.000 29.000
25.000 -72.000 37.000
19.000 -72.000 44.000
22.000 -83.000 37.000
26.000 -78.000 29.000
29.000 -68.000 23.000
25.000 -78.000 22.000
19.000 -85.000 29.000
54.000 -46.000 27.000
54.000 -49.000 40.000
53.000 -43.000 37.000
40.000 -45.000 35.000
41.000 -52.000 39.000
50.000 -55.000 43.000
40.000 -59.000 44.000
35.000 -64.000 38.000
42.000 -64.000 36.000
39.000 -67.000 45.000
37.000 -73.000 38.000
35.000 -67.000 29.000
35.000 -73.000 21.000
36.000 -78.000 31.000
40.000 -81.000 22.000
42.000 -71.000 26.000
45.000 -75.000 17.000
47.000 -69.000 13.000
40.000 -63.000 15.000
42.000 -55.000 13.000
40.000 -63.000 24.000
47.000 -64.000 30.000
50.000 -58.000 26.000
50.000 -58.000 35.000
52.000 -51.000 31.000
49.000 -44.000 22.000
45.000 -50.000 20.000
50.000 -55.000 17.000
14.000 -41.000 63.000
10.000 -47.000 61.000
9.000 -51.000 54.000
8.000 -46.000 46.000
15.000 -45.000 49.000
8.000 -41.000 41.000
15.000 -47.000 40.000
11.000 -51.000 27.000
12.000 -54.000 37.000
8.000 -57.000 47.000
8.000 -65.000 45.000
7.000 -60.000 37.000
12.000 -64.000 35.000
14.000 -69.000 41.000
22.000 -72.000 36.000
21.000 -71.000 27.000
20.000 -61.000 31.000
25.000 -61.000 20.000
17.000 -58.000 25.000
6.000 -60.000 27.000
7.000 -56.000 18.000
15.000 -53.000 16.000
24.000 -59.000 12.000
19.000 -64.000 16.000
15.000 -73.000 23.000
8.000 -66.000 18.000
6.000 -81.000 31.000
14.000 -79.000 35.000
6.000 -75.000 22.000
12.000 -88.000 27.000
12.000 -91.000 15.000
6.000 -83.000 22.000
6.000 -88.000 12.000
18.000 -91.000 2.000
14.000 -86.000 7.000
14.000 -77.000 7.000
7.000 -71.000 10.000
18.000 -72.000 11.000
24.000 -68.000 9.000
14.000 -68.000 15.000
7.000 -74.000 16.000
13.000 -79.000 15.000
10.000 -89.000 9.000
16.000 -94.000 -5.000
25.000 -93.000 -7.000
30.000 -89.000 -8.000
29.000 -94.000 -2.000
19.000 -99.000 -1.000
24.000 -94.000 13.000
28.000 -89.000 4.000
29.000 -88.000 13.000
17.000 -100.000 8.000
14.000 -97.000 15.000
22.000 -89.000 20.000
26.000 -83.000 17.000
35.000 -83.000 15.000
34.000 -79.000 4.000
42.000 -83.000 -7.000
41.000 -83.000 0.000
37.000 -75.000 10.000
48.000 -77.000 6.000
45.000 -72.000 3.000
10.000 -88.000 -6.000
5.000 -86.000 -2.000
5.000 -71.000 8.000
12.000 -78.000 -1.000
18.000 -82.000 -8.000
18.000 -74.000 -3.000
25.000 -69.000 1.000
29.000 -53.000 -2.000
23.000 -60.000 -2.000
11.000 -69.000 0.000
6.000 -63.000 9.000
16.000 -58.000 0.000
10.000 -57.000 4.000
24.000 -59.000 4.000
15.000 -48.000 -2.000
22.000 -50.000 0.000
23.000 -48.000 -4.000
23.000 -83.000 -4.000
29.000 -78.000 -3.000
37.000 -77.000 -7.000
33.000 -70.000 -7.000
45.000 -72.000 -9.000
46.000 -63.000 -7.000
40.000 -61.000 -11.000
30.000 -65.000 -3.000
30.000 -58.000 -8.000
43.000 -54.000 -12.000
42.000 -47.000 -14.000
29.000 -49.000 -9.000
36.000 -44.000 -8.000
30.000 -40.000 -13.000
17.000 -37.000 -6.000
31.000 -39.000 -6.000
43.000 -60.000 1.000
49.000 -51.000 -9.000
57.000 -55.000 -8.000
52.000 -59.000 -3.000
56.000 -47.000 -9.000
56.000 -47.000 -15.000
56.000 -38.000 -18.000
50.000 -36.000 -15.000
54.000 -32.000 -15.000
48.000 -58.000 8.000
58.000 -53.000 10.000
54.000 -59.000 6.000
59.000 -51.000 1.000
65.000 -39.000 -2.000
58.000 -42.000 -5.000
65.000 -34.000 -8.000
59.000 -28.000 -12.000
66.000 -25.000 -8.000
65.000 -17.000 -12.000
46.000 -42.000 14.000
53.000 -45.000 9.000
59.000 -41.000 -1.000
54.000 -35.000 9.000
49.000 -31.000 4.000
47.000 -40.000 2.000
47.000 -35.000 -1.000
61.000 -34.000 19.000
61.000 -36.000 12.000
66.000 -32.000 13.000
49.000 -32.000 14.000
43.000 -30.000 11.000
51.000 -24.000 8.000
62.000 -21.000 8.000
67.000 -26.000 5.000
59.000 -20.000 1.000
66.000 -16.000 5.000
55.000 -5.000 0.000
64.000 -8.000 0.000
50.000 -19.000 -2.000
45.000 -26.000 -2.000
61.000 -3.000 -3.000
51.000 -14.000 6.000
43.000 -21.000 10.000
37.000 -26.000 13.000
-16.000 16.000 -17.000
-25.000 14.000 -17.000
-26.000 19.000 -10.000
-27.000 27.000 0.000
-28.000 29.000 2.000
-36.000 23.000 -11.000
-31.000 23.000 -16.000
-36.000 29.000 -10.000
-24.000 29.000 -9.000
-20.000 24.000 -12.000
-15.000 24.000 -16.000
-14.000 33.000 -19.000
-11.000 45.000 -19.000
-16.000 40.000 -16.000
-22.000 36.000 8.000
-25.000 44.000 -8.000
-18.000 48.000 -12.000
-27.000 57.000 -9.000
-21.000 57.000 -11.000
-12.000 57.000 -14.000
-45.000 31.000 -11.000
-45.000 39.000 -11.000
-43.000 44.000 -9.000
-34.000 45.000 -8.000
-40.000 49.000 -7.000
-35.000 54.000 -6.000
-10.000 60.000 -9.000
-10.000 65.000 -3.000
-6.000 18.000 -14.000
-7.000 23.000 -17.000
-6.000 34.000 -21.000
-4.000 28.000 -22.000
-8.000 26.000 -11.000
-11.000 35.000 -10.000
-4.000 39.000 -21.000
-5.000 48.000 -18.000
-12.000 43.000 -8.000
-14.000 47.000 0.000
-8.000 52.000 -6.000
-6.000 57.000 -12.000
-40.000 33.000 -5.000
-49.000 34.000 -3.000
-43.000 39.000 3.000
-43.000 33.000 9.000
-52.000 29.000 5.000
-40.000 29.000 5.000
-31.000 30.000 6.000
-32.000 17.000 14.000
-38.000 22.000 12.000
-50.000 22.000 9.000
-41.000 9.000 12.000
-47.000 11.000 3.000
-52.000 14.000 10.000
-53.000 19.000 20.000
-47.000 24.000 18.000
-41.000 17.000 21.000
-40.000 9.000 21.000
-47.000 11.000 14.000
-20.000 54.000 2.000
-29.000 51.000 -1.000
-22.000 55.000 3.000
-27.000 46.000 8.000
-35.000 52.000 5.000
-39.000 44.000 7.000
-37.000 49.000 15.000
-31.000 47.000 16.000
-29.000 37.000 20.000
-37.000 44.000 22.000
-36.000 40.000 15.000
-37.000 32.000 17.000
-44.000 34.000 20.000
-40.000 38.000 27.000
-34.000 32.000 30.000
-28.000 32.000 33.000
-42.000 28.000 33.000
-44.000 29.000 26.000
-36.000 24.000 24.000
-11.000 56.000 4.000
-10.000 64.000 7.000
-18.000 61.000 8.000
-16.000 61.000 13.000
-8.000 60.000 18.000
-9.000 52.000 11.000
-13.000 48.000 6.000
-14.000 42.000 17.000
-7.000 48.000 21.000
-8.000 57.000 27.000
-14.000 53.000 26.000
-20.000 55.000 21.000
-23.000 52.000 17.000
-22.000 44.000 24.000
-21.000 40.000 30.000
-21.000 47.000 31.000
-13.000 48.000 35.000
-7.000 51.000 35.000
-7.000 37.000 32.000
-13.000 34.000 24.000
-13.000 26.000 31.000
-8.000 30.000 36.000
-7.000 44.000 43.000
-15.000 4.000 42.000
-19.000 32.000 34.000
-20.000 24.000 37.000
-20.000 31.000 47.000
-9.000 35.000 48.000
-6.000 29.000 45.000
-8.000 19.000 43.000
-12.000 13.000 39.000
-8.000 27.000 54.000
-17.000 26.000 50.000
-21.000 23.000 46.000
-20.000 12.000 47.000
-19.000 18.000 56.000
-8.000 19.000 58.000
-8.000 10.000 45.000
-11.000 -1.000 45.000
-8.000 5.000 54.000
-9.000 13.000 60.000
-18.000 11.000 59.000
-19.000 5.000 52.000
-19.000 -5.000 51.000
-18.000 3.000 62.000
-10.000 3.000 65.000
-6.000 -2.000 57.000
-5.000 -6.000 51.000
-17.000 -7.000 59.000
-10.000 -7.000 65.000
-34.000 5.000 28.000
-34.000 16.000 28.000
-43.000 23.000 36.000
-36.000 25.000 41.000
-28.000 22.000 36.000
-28.000 16.000 42.000
-29.000 11.000 52.000
-42.000 18.000 44.000
-36.000 8.000 35.000
-39.000 9.000 44.000
-39.000 9.000 51.000
-34.000 22.000 47.000
-25.000 1.000 45.000
-40.000 1.000 15.000
-46.000 -5.000 13.000
-55.000 -1.000 9.000
-55.000 5.000 5.000
-50.000 4.000 16.000
-56.000 6.000 22.000
-58.000 -2.000 15.000
-56.000 -1.000 31.000
-42.000 3.000 25.000
-53.000 5.000 30.000
-42.000 -1.000 33.000
-53.000 -1.000 38.000
-49.000 -6.000 26.000
-42.000 -10.000 31.000
-41.000 -13.000 39.000
-52.000 -6.000 44.000
-47.000 2.000 43.000
-42.000 -4.000 43.000
-45.000 -8.000 49.000
-38.000 -11.000 49.000
-33.000 -17.000 39.000
-34.000 -23.000 46.000
-38.000 -20.000 52.000
-40.000 -9.000 59.000
-35.000 -7.000 50.000
-27.000 -9.000 45.000
-23.000 -12.000 54.000
-26.000 -14.000 64.000
-33.000 -14.000 64.000
-26.000 -22.000 60.000
-22.000 -25.000 50.000
-16.000 -24.000 59.000
-22.000 -18.000 68.000
-12.000 -16.000 66.000
-10.000 -25.000 71.000
-9.000 -31.000 60.000
-4.000 -19.000 65.000
-5.000 -26.000 58.000
-3.000 -39.000 62.000
-5.000 -34.000 54.000
-10.000 -40.000 66.000
-13.000 -37.000 54.000
-17.000 -32.000 41.000
-11.000 -30.000 48.000
-13.000 -19.000 44.000
-6.000 -20.000 50.000
-5.000 -16.000 59.000
-6.000 30.000 -6.000
-6.000 40.000 -4.000
-7.000 43.000 4.000
-8.000 37.000 14.000
-5.000 26.000 22.000
-11.000 20.000 29.000
-5.000 16.000 31.000
-8.000 8.000 36.000
-4.000 1.000 37.000
-9.000 -7.000 40.000
-3.000 -9.000 33.000
-7.000 -17.000 38.000
-3.000 -25.000 32.000
-7.000 -26.000 40.000
-14.000 -31.000 37.000
-6.000 -37.000 42.000
-4.000 -35.000 32.000
-10.000 -40.000 33.000
-6.000 -46.000 30.000
-4.000 -47.000 23.000
-6.000 -52.000 11.000
-21.000 -53.000 7.000
-12.000 -47.000 6.000
-50.000 -9.000 14.000
-63.000 -12.000 15.000
-45.000 -15.000 20.000
-53.000 -17.000 18.000
-59.000 -17.000 24.000
-62.000 -10.000 28.000
-57.000 -10.000 22.000
-49.000 -13.000 30.000
-59.000 -14.000 37.000
-51.000 -21.000 33.000
-54.000 -18.000 47.000
-53.000 -16.000 41.000
-44.000 -20.000 38.000
-43.000 -19.000 45.000
-46.000 -25.000 46.000
-39.000 -28.000 40.000
-40.000 -33.000 51.000
-48.000 -23.000 56.000
-44.000 -20.000 55.000
-36.000 -27.000 51.000
-39.000 -27.000 63.000
-31.000 -34.000 56.000
-32.000 -28.000 65.000
-26.000 -29.000 55.000
-25.000 -30.000 67.000
-22.000 -34.000 58.000
-18.000 -30.000 70.000
-16.000 -32.000 59.000
-15.000 -37.000 70.000
-9.000 -34.000 71.000
-45.000 -23.000 23.000
-39.000 -33.000 20.000
-44.000 -39.000 25.000
-51.000 -30.000 19.000
-58.000 -24.000 21.000
-57.000 -27.000 32.000
-62.000 -31.000 28.000
-54.000 -35.000 30.000
-51.000 -43.000 31.000
-58.000 -49.000 26.000
-57.000 -49.000 32.000
-57.000 -37.000 39.000
-50.000 -30.000 35.000
-44.000 -35.000 39.000
-52.000 -38.000 45.000
-54.000 -47.000 38.000
-48.000 -48.000 45.000
-40.000 -43.000 38.000
-37.000 -33.000 36.000
-30.000 -37.000 43.000
-29.000 -39.000 50.000
-18.000 -42.000 59.000
-14.000 -48.000 68.000
-24.000 -48.000 59.000
-33.000 -44.000 54.000
-35.000 -45.000 47.000
-30.000 -46.000 37.000
-31.000 -52.000 52.000
-33.000 -50.000 61.000
-15.000 -52.000 58.000
-25.000 -56.000 58.000
-26.000 -51.000 42.000
-23.000 -59.000 49.000
-19.000 -61.000 60.000
-12.000 -66.000 54.000
-15.000 -64.000 48.000
-25.000 -61.000 42.000
-20.000 -61.000 34.000
-17.000 -68.000 40.000
-16.000 -74.000 45.000
-19.000 -83.000 37.000
-21.000 -78.000 32.000
-24.000 -66.000 26.000
-24.000 -76.000 18.000
-19.000 -82.000 24.000
-13.000 -84.000 29.000
-49.000 -53.000 41.000
-39.000 -51.000 35.000
-48.000 -59.000 41.000
-42.000 -63.000 45.000
-34.000 -59.000 39.000
-38.000 -67.000 42.000
-31.000 -70.000 45.000
-28.000 -65.000 36.000
-39.000 -70.000 39.000
-33.000 -78.000 36.000
-31.000 -70.000 27.000
31.000 -77.000 18.000
-36.000 -84.000 17.000
-36.000 -82.000 24.000
-38.000 -75.000 29.000
-41.000 -75.000 21.000
-43.000 -70.000 16.000
-42.000 -66.000 22.000
-44.000 -68.000 28.000
-43.000 -59.000 33.000
-50.000 -56.000 29.000
-47.000 -51.000 22.000
-37.000 -56.000 26.000
-39.000 -54.000 15.000
-41.000 -64.000 13.000
-10.000 -56.000 55.000
-11.000 -47.000 64.000
-8.000 -47.000 57.000
-6.000 -51.000 51.000
-15.000 -44.000 49.000
-7.000 -42.000 44.000
-7.000 -52.000 45.000
-13.000 -48.000 40.000
-14.000 -51.000 33.000
-8.000 -56.000 26.000
-3.000 -65.000 31.000
-6.000 -56.000 38.000
-4.000 -66.000 39.000
-7.000 -62.000 48.000
-6.000 -72.000 44.000
-16.000 -73.000 38.000
-18.000 -69.000 29.000
-12.000 -65.000 34.000
-5.000 -63.000 24.000
-16.000 60.000 24.000
-20.000 -65.000 24.000
-17.000 -59.000 13.000
-6.000 -58.000 16.000
-15.000 -74.000 25.000
-5.000 -83.000 34.000
-8.000 -90.000 24.000
-4.000 -94.000 15.000
-2.000 -86.000 19.000
-5.000 -77.000 25.000
-4.000 -73.000 21.000
-14.000 -66.000 17.000
-10.000 -87.000 4.000
-8.000 -75.000 8.000
-13.000 -77.000 15.000
-21.000 -70.000 9.000
-16.000 -71.000 12.000
-5.000 -71.000 14.000
-5.000 -80.000 15.000
-10.000 -86.000 11.000
-12.000 -93.000 7.000
-12.000 -92.000 -6.000
-17.000 -98.000 8.000
-15.000 -100.000 -1.000
-9.000 -100.000 6.000
-11.000 -98.000 15.000
-16.000 -92.000 20.000
-18.000 -98.000 8.000
-23.000 -96.000 3.000
-26.000 -94.000 -6.000
-22.000 -91.000 -8.000
-31.000 -87.000 -9.000
-39.000 -85.000 -6.000
-42.000 -80.000 0.000
-28.000 -89.000 1.000
-34.000 -84.000 4.000
-28.000 -83.000 9.000
-27.000 -92.000 13.000
-26.000 -86.000 15.000
-43.000 -81.000 9.000
-47.000 -75.000 10.000
-43.000 -72.000 0.000
-39.000 -66.000 5.000
-9.000 -88.000 -6.000
-3.000 -83.000 1.000
-16.000 -79.000 -4.000
-9.000 -77.000 0.000
-3.000 -72.000 7.000
-14.000 -68.000 -4.000
-21.000 -71.000 0.000
-26.000 -56.000 -3.000
-20.000 -62.000 -3.000
-12.000 -62.000 2.000
-5.000 -63.000 6.000
-21.000 -64.000 4.000
-21.000 -52.000 2.000
-11.000 -54.000 1.000
-14.000 -49.000 -1.000
-26.000 -49.000 -1.000
-27.000 -74.000 -1.000
-31.000 -78.000 -5.000
-40.000 -74.000 -8.000
-39.000 -70.000 -3.000
-42.000 -66.000 -11.000
-31.000 -67.000 -9.000
-32.000 -54.000 -6.000
-29.000 -59.000 -7.000
-40.000 -54.000 -14.000
-41.000 -59.000 -9.000
-39.000 -48.000 -12.000
-27.000 -47.000 -11.000
-35.000 -43.000 -6.000
-36.000 -33.000 -12.000
-30.000 -39.000 -14.000
-40.000 -40.000 -16.000
-38.000 -33.000 -18.000
-39.000 -27.000 -17.000
-37.000 -16.000 -19.000
-37.000 -10.000 -26.000
-35.000 -9.000 -32.000
-32.000 -1.000 -34.000
-15.000 -40.000 -5.000
-25.000 -40.000 -6.000
-31.000 -37.000 -8.000
-19.000 -29.000 -11.000
-31.000 -27.000 -15.000
-25.000 -22.000 -21.000
-34.000 13.000 -27.000
-36.000 11.000 -31.000
-44.000 -62.000 0.000
-53.000 -60.000 -5.000
-50.000 -56.000 -6.000
-46.000 -49.000 -8.000
-55.000 -51.000 -10.000
-57.000 -47.000 -15.000
-47.000 -42.000 -14.000
-54.000 -39.000 -17.000
-48.000 -36.000 -17.000
-57.000 -32.000 -21.000
-48.000 -26.000 -20.000
-56.000 -23.000 -24.000
-53.000 -17.000 -27.000
-44.000 -15.000 -22.000
-50.000 -11.000 -29.000
-44.000 -6.000 -33.000
-38.000 1.000 -31.000
-50.000 -62.000 11.000
-50.000 -59.000 4.000
-57.000 -59.000 9.000
-57.000 -57.000 2.000
-62.000 -47.000 2.000
-56.000 -48.000 -3.000
-62.000 -41.000 -4.000
-61.000 -34.000 -12.000
-61.000 -32.000 -7.000
-50.000 -34.000 -5.000
-54.000 -22.000 -10.000
-65.000 -26.000 -10.000
-63.000 -18.000 -13.000
-56.000 -17.000 -18.000
-58.000 -14.000 -14.000
-59.000 -6.000 -18.000
-48.000 -5.000 24.000
56.000 0.000 -21.000
-46.000 5.000 -27.000
-50.000 -53.000 9.000
-49.000 -46.000 14.000
-50.000 -45.000 6.000
-54.000 -43.000 0.000
-52.000 -35.000 5.000
-58.000 -51.000 19.000
-62.000 -44.000 15.000
-52.000 -39.000 16.000
-40.000 -36.000 12.000
-46.000 -33.000 9.000
-64.000 -39.000 13.000
-65.000 -32.000 10.000
-59.000 -29.000 3.000
-65.000 -25.000 8.000
-53.000 -28.000 6.000
-63.000 -16.000 3.000
-60.000 -20.000 0.000
-47.000 -30.000 -2.000
-50.000 -18.000 6.000
-58.000 -8.000 3.000
-45.000 -21.000 -1.000
-43.000 -16.000 -7.000
-59.000 -5.000 -2.000
-52.000 -10.000 -9.000
-49.000 -4.000 -14.000
-57.000 2.000 -4.000
-51.000 -3.000 -5.000
-46.000 -7.000 -11.000
-55.000 8.000 -9.000
-48.000 4.000 -19.000
-50.000 13.000 -14.000
-46.000 2.000 -16.000
-46.000 16.000 -20.000
-43.000 16.000 -24.000
-49.000 -16.000 6.000
-47.000 -21.000 10.000
-41.000 -24.000 11.000
-36.000 -28.000 14.000
