1 2 9 -7 33.159 0.29752 -0.04267
2 16 11 5 187.8 0.26063 2.1485
2 4 4 0 15.134 0.59375 -1.5361
1 5 4 1 54.995 0.5679 -1.7917
1 3 7 -4 7.0667 0 0.85552
1 6 6 0 15.317 0 1.4859
2 6 6 0 26.783 0 1.4859
2 2 6 -4 1.8158 0 -0.85318
2 10 9 1 68.974 0.60942 -0.18832
1 4 6 -2 19.13 0.48 -0.93874
1 6 8 -2 51.261 0.33673 0.55471
1 9 6 3 122.87 0.49778 -0.34136
2 3 5 -2 57.126 0.5 -1.0356
2 12 7 5 109.19 0.65374 -0.34136
2 10 8 2 35.925 0.3642 1.0238
1 3 5 -2 116 0 0.22514
2 8 10 -2 83.026 0.29012 0.71047
2 4 0 4 0 0 -1.0356
2 6 5 1 10.616 0.46281 -1.166
2 12 11 1 95.436 0.54442 0.53071
1 7 8 -1 60.076 0.12444 0.53071
2 7 8 -1 68.203 0.44444 0.25602
2 14 9 5 108.08 0.53686 0.39815
2 9 10 -1 31.671 0.26593 1.6495
2 7 0 7 28.819 0.44898 -1.2374
1 5 9 -4 49.762 0.4898 -0.34136
2 2 1 1 42.686 0.44444 -1.6264
1 13 6 7 632.4 0.55956 -0.0085599
1 7 4 3 17.742 0.29752 -0.36807
2 5 4 1 9.587 0.44444 -0.90735
2 3 3 0 50.637 0 -0.40524
1 9 7 2 94.512 0.21875 1.4508
2 12 5 7 62.927 0.49135 -0.0085599
2 8 10 -2 61.293 0.19753 2.0482
1 6 12 -6 47.494 0.3642 0.53071
2 2 8 -6 1103.5 0.56 -0.40524
1 7 1 6 42.129 0.53125 -1.0871
1 5 3 2 5.15 0 0.22514
2 7 7 0 33.032 0.2449 0.8534
2 6 9 -3 168.7 0.32 0.39815
1 7 3 4 466.77 0 0.85552
1 7 2 5 30.886 0.19753 -0.54783
1 6 3 3 33.129 0.19753 -0.54783
1 2 4 -2 4.5615 0 -0.90735
2 12 22 -10 245.66 0.47924 2.1485
1 1 1 0 0 0 -1.666
1 3 5 -2 20.856 0.21875 -0.72759
2 9 6 3 26.462 0.42667 0.085318
2 9 10 -1 89.073 0.48753 -0.0085599
1 4 17 -13 169.07 0.17687 1.4295
1 11 11 0 492.16 0.57438 -0.54035
2 10 6 4 26.462 0.40625 0.39815
2 10 10 0 42.719 0.515 0.39815
1 2 3 -1 0.66667 0 -0.72044
1 6 4 2 365.85 0 0.85552
2 7 5 2 39.558 0.44444 -0.54783
2 4 10 -6 26.043 0.4898 -0.54783
2 4 4 0 3.3608 0.21875 -0.64005
1 1 4 -3 2.1667 0 -0.72044
2 5 5 0 6.5018 0 0.25602
