0 0 3.073931e+00 0 0 0 0 2.200893e+00 0 0 0 0 0 0 1.684277e+00 0 0 0 0 0 0 0 3.517998e+00 0 0 0 0 0 0 0 0 0 0 1.790389e+00 0 0 0 0 0 0 0 0 0 0 0 0 0 0 0 0 0 0 0 0 0 0 0 0 0 0 0 0 0 0 0 0 0 0 0 0 0 0 0 0 0 0 0 0 0 0
0 0 0 0 0 0 0 0 0 0 0 0 1.856294e+00 0 0 2.520406e+00 0 0 0 0 0 0 0 0 1.693151e+00 0 0 0 0 0 0 0 0 0 0 0 0 0 0 0 0 0 0 0 0 0 0 0 0 0 0 0 0 0 0 0 0 0 0 0 0 0 0 0 0 2.300675e+00 0 0 0 0 0 0 0 0 0 0 0 0 0 0
3.073931e+00 0 0 0 0 0 0 0 0 0 0 0 0 0 0 0 0 0 0 0 0 0 0 2.493697e+00 0 2.564970e+00 0 0 0 0 0 0 0 0 0 0 0 0 0 0 0 0 0 0 0 0 0 0 0 0 0 0 0 0 0 0 0 0 0 0 0 0 0 0 0 0 0 0 0 0 0 0 0 0 0 0 0 0 0 0
0 0 0 0 0 0 0 0 0 0 0 0 0 0 0 0 0 0 0 0 0 0 0 0 0 0 0 0 0 0 0 0 0 0 0 0 0 0 0 0 0 0 0 0 0 0 0 0 0 0 0 0 0 0 0 0 0 0 0 0 0 0 0 0 0 0 0 0 0 0 0 0 0 0 0 0 0 0 0 0
0 0 0 0 0 0 0 0 0 0 0 0 0 0 0 0 0 0 0 0 0 0 0 0 1.868244e+00 1.700007e+00 0 0 0 0 0 0 0 0 0 0 0 0 0 0 0 0 0 0 0 0 0 1.811248e+00 0 0 1.680426e+00 0 0 0 0 0 0 0 0 0 0 0 0 0 0 0 0 0 0 0 0 0 0 0 0 0 0 0 0 0
0 0 0 0 0 0 0 0 0 0 0 0 0 0 0 0 0 0 0 0 0 1.865303e+00 0 0 0 0 0 0 0 0 0 0 0 0 0 0 2.585527e+00 2.804701e+00 0 0 0 0 0 0 0 0 0 0 0 0 0 0 0 0 0 0 0 0 0 0 0 0 0 0 0 0 0 0 0 0 0 0 0 0 0 0 0 0 0 0
0 0 0 0 0 0 0 2.757093e+00 0 0 2.760037e+00 0 0 0 0 0 0 1.710822e+00 0 0 0 0 0 0 2.207752e+00 1.918389e+00 0 0 0 0 0 0 0 0 1.831592e+00 0 0 0 0 0 0 0 0 0 0 0 0 0 0 0 0 0 0 0 0 0 0 0 0 0 0 0 0 0 0 0 0 0 0 0 0 0 0 0 0 0 0 0 0 0
2.200893e+00 0 0 0 0 0 2.757093e+00 0 0 0 0 0 0 2.120361e+00 0 0 0 0 0 0 0 0 0 3.267249e+00 0 0 0 0 0 0 0 0 0 0 0 0 0 0 0 0 0 0 0 0 0 0 0 0 0 0 0 0 0 0 0 0 0 0 0 0 0 0 0 0 0 0 0 0 0 0 0 0 0 0 0 0 0 0 0 0
0 0 0 0 0 0 0 0 0 0 0 0 0 0 0 0 0 0 0 0 0 0 0 2.090310e+00 3.112035e+00 3.191257e+00 0 1.832727e+00 0 1.784435e+00 0 0 0 0 0 0 1.938672e+00 0 0 0 0 0 0 0 0 0 0 0 0 0 0 0 0 0 0 0 0 0 0 0 0 0 0 0 0 1.874266e+00 1.718207e+00 0 0 0 0 0 0 0 0 0 0 0 0 0
0 0 0 0 0 0 0 0 0 0 0 0 0 0 0 0 0 0 0 1.674554e+00 0 0 0 0 2.491931e+00 0 0 2.627192e+00 2.738487e+00 0 0 0 0 0 0 0 0 1.792670e+00 0 1.771917e+00 0 0 0 0 0 0 0 0 0 0 0 2.631289e+00 0 0 0 0 0 0 0 0 0 0 0 0 0 0 0 0 0 0 0 0 0 0 0 0 0 0 0 0
0 0 0 0 0 0 2.760037e+00 0 0 0 0 0 0 0 0 0 0 0 0 0 0 0 0 0 2.105415e+00 0 0 1.681982e+00 0 0 1.840969e+00 0 0 0 0 0 1.698742e+00 0 0 0 0 0 0 0 0 0 0 0 0 0 0 0 0 0 0 0 0 0 0 0 0 0 0 0 0 0 1.695683e+00 0 0 0 0 0 0 0 0 0 0 0 0 0
0 0 0 0 0 0 0 0 0 0 0 0 0 0 0 0 0 0 0 0 0 0 0 0 0 0 0 0 0 1.740669e+00 0 0 0 2.289558e+00 3.798205e+00 0 0 1.882074e+00 0 0 0 0 0 0 0 0 0 0 0 0 0 2.520738e+00 0 0 0 0 0 0 0 0 0 0 0 1.671911e+00 0 0 0 0 0 2.180551e+00 0 0 2.170992e+00 0 0 0 0 0 0 0
0 1.856294e+00 0 0 0 0 0 0 0 0 0 0 0 0 0 0 0 0 0 0 0 0 0 0 1.752713e+00 0 0 0 0 0 0 0 0 0 0 0 0 0 0 0 0 0 0 0 0 0 0 0 0 0 0 0 0 0 0 0 0 0 0 0 0 0 0 0 0 0 0 0 0 0 0 0 0 0 0 0 0 0 0 0
0 0 0 0 0 0 0 2.120361e+00 0 0 0 0 0 0 0 0 0 0 0 0 0 0 0 0 0 2.137876e+00 2.002276e+00 0 0 0 0 0 0 0 0 0 0 0 0 0 0 0 0 0 0 0 0 1.789275e+00 0 0 0 0 0 0 0 0 0 0 0 0 0 0 0 0 0 0 0 0 0 0 0 0 0 0 0 0 0 0 0 0
1.684277e+00 0 0 0 0 0 0 0 0 0 0 0 0 0 0 0 0 0 0 2.370144e+00 0 2.391361e+00 0 0 0 0 0 0 0 0 0 0 0 0 0 0 0 0 0 0 0 0 0 0 0 0 0 0 0 0 0 0 0 0 1.927243e+00 0 0 0 0 0 0 3.658538e+00 0 0 0 2.726874e+00 0 0 0 0 0 0 0 0 0 0 0 0 0 0
0 2.520406e+00 0 0 0 0 0 0 0 0 0 0 0 0 0 0 0 0 0 0 0 0 0 0 2.988022e+00 3.149246e+00 0 0 0 0 0 0 0 0 0 0 0 0 0 0 0 0 0 0 0 0 0 0 0 0 0 0 0 0 0 0 0 0 0 0 0 0 0 0 0 0 0 0 0 0 0 0 0 0 0 0 0 0 0 0
0 0 0 0 0 0 0 0 0 0 0 0 0 0 0 0 0 2.005656e+00 0 0 0 0 0 0 3.595459e+00 3.312400e+00 0 2.961299e+00 1.709313e+00 0 0 0 0 2.041281e+00 0 0 0 0 0 0 0 0 0 0 0 0 0 0 0 0 0 0 0 0 0 0 0 0 0 0 0 0 0 0 0 0 0 0 0 0 0 0 0 0 0 0 0 0 0 0
0 0 0 0 0 0 1.710822e+00 0 0 0 0 0 0 0 0 0 2.005656e+00 0 0 0 0 0 0 0 3.027006e+00 1.681117e+00 0 2.150967e+00 0 0 0 0 1.808995e+00 0 0 0 0 0 0 0 0 0 0 0 0 0 0 0 0 0 0 0 0 0 0 0 0 0 0 0 0 0 0 0 0 0 0 0 0 0 0 0 0 0 0 0 0 0 0 0
0 0 0 0 0 0 0 0 0 0 0 0 0 0 0 0 0 0 0 0 0 0 0 0 0 0 0 0 0 0 0 0 0 0 0 0 0 0 0 0 0 0 0 0 0 0 0 0 0 0 0 0 0 0 0 0 0 0 0 0 0 0 0 0 0 0 2.170294e+00 0 0 0 0 0 0 0 0 0 0 0 0 0
0 0 0 0 0 0 0 0 0 1.674554e+00 0 0 0 0 2.370144e+00 0 0 0 0 0 0 0 3.244328e+00 0 0 2.113790e+00 1.872920e+00 0 0 0 0 0 1.947782e+00 0 0 0 0 1.757103e+00 0 0 0 0 0 0 0 0 0 0 0 0 0 0 0 0 0 0 0 0 0 0 0 0 0 0 0 0 0 0 0 0 0 0 0 0 0 0 0 0 0 0
0 0 0 0 0 0 0 0 0 0 0 0 0 0 0 0 0 0 0 0 0 0 0 0 0 0 0 0 0 0 0 0 0 0 0 0 0 0 0 0 0 0 0 0 0 0 0 0 0 0 0 0 0 0 0 0 0 0 0 0 0 0 0 0 0 0 0 0 0 0 0 0 0 0 0 0 0 0 0 0
0 0 0 0 0 1.865303e+00 0 0 0 0 0 0 0 0 2.391361e+00 0 0 0 0 0 0 0 0 0 0 0 0 0 0 0 0 0 0 0 0 2.162723e+00 0 5.184506e+00 0 0 0 0 0 0 0 0 0 0 0 0 0 0 0 0 0 0 0 0 0 0 0 0 0 0 0 2.664277e+00 0 0 0 0 0 0 0 0 0 0 0 0 0 0
3.517998e+00 0 0 0 0 0 0 0 0 0 0 0 0 0 0 0 0 0 0 3.244328e+00 0 0 0 3.522871e+00 2.339840e+00 1.910281e+00 0 0 0 0 0 0 0 0 0 0 0 2.038861e+00 0 0 0 0 0 0 0 0 0 0 0 0 0 0 0 0 0 0 0 0 0 0 0 0 0 0 0 0 0 0 0 0 0 0 0 0 0 0 0 0 0 0
0 0 2.493697e+00 0 0 0 0 3.267249e+00 2.090310e+00 0 0 0 0 0 0 0 0 0 0 0 0 0 3.522871e+00 0 0 0 0 0 0 0 0 0 0 0 0 0 0 0 0 2.465474e+00 0 0 0 0 0 0 0 0 0 0 0 0 0 0 0 0 0 0 0 0 0 0 0 0 0 0 0 0 0 0 0 0 0 0 0 0 0 0 0 1.814930e+00
0 1.693151e+00 0 0 1.868244e+00 0 2.207752e+00 0 3.112035e+00 2.491931e+00 2.105415e+00 0 1.752713e+00 0 0 2.988022e+00 3.595459e+00 3.027006e+00 0 0 0 0 2.339840e+00 0 0 1.725749e+00 4.284602e+00 2.420191e+00 1.693371e+00 0 0 0 2.047117e+00 3.707115e+00 0 0 1.907872e+00 3.297747e+00 0 0 0 0 0 0 0 0 0 0 0 0 0 0 0 0 0 0 0 0 0 0 0 0 0 0 0 0 0 0 0 0 0 0 0 0 0 0 0 0 0 0
0 0 2.564970e+00 0 1.700007e+00 0 1.918389e+00 0 3.191257e+00 0 0 0 0 2.137876e+00 0 3.149246e+00 3.312400e+00 1.681117e+00 0 2.113790e+00 0 0 1.910281e+00 0 1.725749e+00 0 4.872825e+00 2.617168e+00 2.730876e+00 0 2.328239e+00 0 2.366517e+00 2.454877e+00 1.738737e+00 3.729859e+00 0 1.781878e+00 0 0 0 0 0 0 0 0 0 0 0 0 0 0 0 0 0 0 0 0 0 0 0 0 0 0 0 3.096095e+00 0 0 0 0 0 0 0 0 0 2.067351e+00 0 0 0 0
0 0 0 0 0 0 0 0 0 0 0 0 0 2.002276e+00 0 0 0 0 0 1.872920e+00 0 0 0 0 4.284602e+00 4.872825e+00 0 0 0 0 0 0 1.815314e+00 0 0 0 2.267840e+00 4.572162e+00 0 0 0 0 0 0 0 0 0 0 0 0 0 0 0 2.062931e+00 0 0 0 0 0 2.231364e+00 0 0 0 0 0 0 2.250778e+00 0 0 0 0 0 0 0 0 0 0 0 0 0
0 0 0 0 0 0 0 0 1.832727e+00 2.627192e+00 1.681982e+00 0 0 0 0 0 2.961299e+00 2.150967e+00 0 0 0 0 0 0 2.420191e+00 2.617168e+00 0 0 0 0 2.317191e+00 0 0 0 0 0 0 0 0 0 0 0 0 0 0 0 0 0 0 0 0 0 0 0 1.869140e+00 0 0 0 0 0 0 0 0 0 0 2.335385e+00 0 1.685607e+00 0 0 0 0 0 0 0 0 0 1.726455e+00 0 0
0 0 0 0 0 0 0 0 0 2.738487e+00 0 0 0 0 0 0 1.709313e+00 0 0 0 0 0 0 0 1.693371e+00 2.730876e+00 0 0 0 0 0 0 0 0 0 0 0 2.585383e+00 0 0 0 0 0 0 0 0 0 0 0 0 0 0 0 0 0 0 0 0 0 0 0 1.849783e+00 0 0 0 0 0 0 0 0 0 0 0 0 0 0 0 0 0 0
0 0 0 0 0 0 0 0 1.784435e+00 0 0 1.740669e+00 0 0 0 0 0 0 0 0 0 0 0 0 0 0 0 0 0 0 0 0 0 0 0 0 0 0 0 0 0 0 0 0 0 0 0 0 0 0 0 1.985593e+00 0 0 0 0 0 0 0 0 0 0 0 0 0 0 0 0 0 0 0 0 0 0 0 0 0 0 0 0
0 0 0 0 0 0 0 0 0 0 1.840969e+00 0 0 0 0 0 0 0 0 0 0 0 0 0 0 2.328239e+00 0 2.317191e+00 0 0 0 0 0 0 0 0 0 0 0 0 0 0 0 0 0 0 0 0 0 0 0 0 0 0 0 0 0 0 0 0 0 0 0 0 0 0 0 0 0 0 0 0 0 0 0 0 0 0 0 0
0 0 0 0 0 0 0 0 0 0 0 0 0 0 0 0 0 0 0 0 0 0 0 0 0 0 0 0 0 0 0 0 0 0 0 0 0 0 0 0 0 0 0 0 0 0 0 0 0 0 0 0 0 0 0 0 0 0 0 0 0 0 0 0 0 0 0 0 0 0 0 0 0 0 0 0 0 0 0 0
0 0 0 0 0 0 0 0 0 0 0 0 0 0 0 0 0 1.808995e+00 0 1.947782e+00 0 0 0 0 2.047117e+00 2.366517e+00 1.815314e+00 0 0 0 0 0 0 0 0 0 0 0 0 0 0 0 0 0 0 0 0 0 0 0 0 0 0 0 0 0 0 0 0 0 0 0 0 0 0 2.023523e+00 0 0 0 0 0 0 0 0 0 0 0 0 0 0
1.790389e+00 0 0 0 0 0 0 0 0 0 0 2.289558e+00 0 0 0 0 2.041281e+00 0 0 0 0 0 0 0 3.707115e+00 2.454877e+00 0 0 0 0 0 0 0 0 0 0 0 0 0 1.683947e+00 0 0 0 0 0 0 0 0 0 0 0 0 0 0 0 0 0 0 0 0 0 0 0 0 0 0 0 0 0 0 0 0 0 0 0 0 0 0 0 0
0 0 0 0 0 0 1.831592e+00 0 0 0 0 3.798205e+00 0 0 0 0 0 0 0 0 0 0 0 0 0 1.738737e+00 0 0 0 0 0 0 0 0 0 0 0 1.916079e+00 0 2.237105e+00 0 0 0 0 0 0 0 0 0 0 0 0 0 0 0 0 0 0 0 0 0 0 0 0 0 0 0 0 0 0 0 0 0 0 0 0 0 0 0 0
0 0 0 0 0 0 0 0 0 0 0 0 0 0 0 0 0 0 0 0 0 2.162723e+00 0 0 0 3.729859e+00 0 0 0 0 0 0 0 0 0 0 0 0 0 0 0 0 0 0 0 0 0 0 0 0 0 0 0 0 0 0 0 0 0 0 0 0 0 0 0 0 0 0 0 0 0 0 0 0 0 0 2.079474e+00 0 0 0
0 0 0 0 0 2.585527e+00 0 0 1.938672e+00 0 1.698742e+00 0 0 0 0 0 0 0 0 0 0 0 0 0 1.907872e+00 0 2.267840e+00 0 0 0 0 0 0 0 0 0 0 0 0 0 0 0 0 0 0 0 0 0 0 0 0 0 0 0 0 0 0 0 0 0 0 0 0 0 0 0 0 0 0 0 0 0 0 0 0 0 1.942990e+00 0 0 0
0 0 0 0 0 2.804701e+00 0 0 0 1.792670e+00 0 1.882074e+00 0 0 0 0 0 0 0 1.757103e+00 0 5.184506e+00 2.038861e+00 0 3.297747e+00 1.781878e+00 4.572162e+00 0 2.585383e+00 0 0 0 0 0 1.916079e+00 0 0 0 0 1.816134e+00 0 0 0 0 0 0 0 0 0 0 0 0 0 0 0 0 0 0 0 0 0 0 0 0 0 0 0 0 0 0 0 0 0 0 0 0 0 0 0 0
0 0 0 0 0 0 0 0 0 0 0 0 0 0 0 0 0 0 0 0 0 0 0 0 0 0 0 0 0 0 0 0 0 0 0 0 0 0 0 0 0 0 0 0 0 0 0 0 0 0 0 0 0 0 0 0 0 0 0 0 0 0 0 0 0 0 0 0 0 0 0 0 0 0 0 0 0 0 0 0
0 0 0 0 0 0 0 0 0 1.771917e+00 0 0 0 0 0 0 0 0 0 0 0 0 0 2.465474e+00 0 0 0 0 0 0 0 0 0 1.683947e+00 2.237105e+00 0 0 1.816134e+00 0 0 0 0 0 0 0 0 0 0 0 0 0 0 0 0 0 0 0 0 0 0 0 0 0 1.934976e+00 0 0 0 0 0 0 0 0 0 0 0 0 0 0 0 0
0 0 0 0 0 0 0 0 0 0 0 0 0 0 0 0 0 0 0 0 0 0 0 0 0 0 0 0 0 0 0 0 0 0 0 0 0 0 0 0 0 0 4.401304e+00 0 0 0 0 2.307651e+00 0 0 2.379068e+00 0 0 0 0 0 0 0 0 0 0 0 5.008974e+00 0 0 0 0 0 0 0 0 0 0 0 0 0 0 0 0 0
0 0 0 0 0 0 0 0 0 0 0 0 0 0 0 0 0 0 0 0 0 0 0 0 0 0 0 0 0 0 0 0 0 0 0 0 0 0 0 0 0 0 0 0 2.363440e+00 0 2.083177e+00 0 0 0 0 0 0 0 0 0 0 0 0 2.117257e+00 0 0 0 0 0 0 0 0 0 0 0 0 0 0 2.068231e+00 0 0 0 0 0
0 0 0 0 0 0 0 0 0 0 0 0 0 0 0 0 0 0 0 0 0 0 0 0 0 0 0 0 0 0 0 0 0 0 0 0 0 0 0 0 4.401304e+00 0 0 0 0 0 0 0 0 0 0 1.726673e+00 0 0 0 0 0 0 0 0 0 0 0 0 0 1.707979e+00 0 0 0 0 0 0 0 0 0 0 0 0 0 0
0 0 0 0 0 0 0 0 0 0 0 0 0 0 0 0 0 0 0 0 0 0 0 0 0 0 0 0 0 0 0 0 0 0 0 0 0 0 0 0 0 0 0 0 0 0 0 0 0 0 0 0 0 0 0 0 0 0 0 0 0 0 0 0 0 0 0 0 0 0 0 0 0 0 0 0 0 0 0 0
0 0 0 0 0 0 0 0 0 0 0 0 0 0 0 0 0 0 0 0 0 0 0 0 0 0 0 0 0 0 0 0 0 0 0 0 0 0 0 0 0 2.363440e+00 0 0 0 0 0 0 0 0 0 0 0 0 0 0 0 1.749390e+00 0 0 0 0 0 0 2.308544e+00 3.473505e+00 1.809807e+00 0 0 0 0 0 0 0 0 2.290447e+00 2.805532e+00 0 0 0
0 0 0 0 0 0 0 0 0 0 0 0 0 0 0 0 0 0 0 0 0 0 0 0 0 0 0 0 0 0 0 0 0 0 0 0 0 0 0 0 0 0 0 0 0 0 0 0 0 0 0 0 0 0 0 0 0 0 0 0 0 0 0 0 0 0 0 0 0 0 0 0 0 0 0 0 2.635390e+00 0 0 0
0 0 0 0 0 0 0 0 0 0 0 0 0 0 0 0 0 0 0 0 0 0 0 0 0 0 0 0 0 0 0 0 0 0 0 0 0 0 0 0 0 2.083177e+00 0 0 0 0 0 0 1.798531e+00 0 0 0 0 0 0 2.455384e+00 0 1.714164e+00 0 0 0 0 0 0 0 0 0 0 0 0 0 0 0 0 0 0 1.763040e+00 0 0 0
0 0 0 0 1.811248e+00 0 0 0 0 0 0 0 0 1.789275e+00 0 0 0 0 0 0 0 0 0 0 0 0 0 0 0 0 0 0 0 0 0 0 0 0 0 0 2.307651e+00 0 0 0 0 0 0 0 0 0 0 0 0 0 0 0 0 0 0 0 0 0 0 0 0 0 0 0 0 0 0 0 0 0 0 0 0 0 0 0
0 0 0 0 0 0 0 0 0 0 0 0 0 0 0 0 0 0 0 0 0 0 0 0 0 0 0 0 0 0 0 0 0 0 0 0 0 0 0 0 0 0 0 0 0 0 1.798531e+00 0 0 0 0 0 0 0 0 2.560310e+00 0 0 0 0 0 0 0 0 0 3.314427e+00 0 0 0 0 0 0 0 0 0 3.064496e+00 3.168608e+00 0 0 0
0 0 0 0 0 0 0 0 0 0 0 0 0 0 0 0 0 0 0 0 0 0 0 0 0 0 0 0 0 0 0 0 0 0 0 0 0 0 0 0 0 0 0 0 0 0 0 0 0 0 2.341620e+00 0 0 0 0 0 0 0 0 0 0 0 2.173718e+00 0 0 0 0 0 1.993252e+00 0 0 0 0 2.065321e+00 0 0 2.066364e+00 0 0 0
0 0 0 0 1.680426e+00 0 0 0 0 0 0 0 0 0 0 0 0 0 0 0 0 0 0 0 0 0 0 0 0 0 0 0 0 0 0 0 0 0 0 0 2.379068e+00 0 0 0 0 0 0 0 0 2.341620e+00 0 0 0 0 0 0 0 0 0 0 0 0 0 0 0 3.398892e+00 3.160159e+00 0 0 0 0 0 0 0 0 3.765908e+00 2.280191e+00 0 0 0
0 0 0 0 0 0 0 0 0 2.631289e+00 0 2.520738e+00 0 0 0 0 0 0 0 0 0 0 0 0 0 0 0 0 0 1.985593e+00 0 0 0 0 0 0 0 0 0 0 0 0 1.726673e+00 0 0 0 0 0 0 0 0 0 0 0 2.003186e+00 0 0 0 0 0 0 0 1.911629e+00 0 0 0 2.053098e+00 0 0 0 0 0 0 0 5.591768e+00 0 0 0 0 0
0 0 0 0 0 0 0 0 0 0 0 0 0 0 0 0 0 0 0 0 0 0 0 0 0 0 0 0 0 0 0 0 0 0 0 0 0 0 0 0 0 0 0 0 0 0 0 0 0 0 0 0 0 0 0 0 0 2.304736e+00 0 0 0 0 0 0 0 0 0 0 0 0 0 0 0 0 0 0 0 0 0 0
0 0 0 0 0 0 0 0 0 0 0 0 0 0 0 0 0 0 0 0 0 0 0 0 0 0 2.062931e+00 0 0 0 0 0 0 0 0 0 0 0 0 0 0 0 0 0 0 0 0 0 0 0 0 0 0 0 0 0 0 0 0 0 0 0 0 0 0 1.986034e+00 0 0 0 0 0 0 0 0 0 0 0 0 0 0
0 0 0 0 0 0 0 0 0 0 0 0 0 0 1.927243e+00 0 0 0 0 0 0 0 0 0 0 0 0 1.869140e+00 0 0 0 0 0 0 0 0 0 0 0 0 0 0 0 0 0 0 0 0 0 0 0 2.003186e+00 0 0 0 0 0 0 0 0 0 0 0 0 0 0 2.840406e+00 0 0 0 0 0 0 1.723337e+00 0 0 0 0 0 0
0 0 0 0 0 0 0 0 0 0 0 0 0 0 0 0 0 0 0 0 0 0 0 0 0 0 0 0 0 0 0 0 0 0 0 0 0 0 0 0 0 0 0 0 0 0 2.455384e+00 0 2.560310e+00 0 0 0 0 0 0 0 0 0 0 0 0 0 0 0 0 0 0 0 0 0 0 0 0 0 0 0 0 0 0 0
0 0 0 0 0 0 0 0 0 0 0 0 0 0 0 0 0 0 0 0 0 0 0 0 0 0 0 0 0 0 0 0 0 0 0 0 0 0 0 0 0 0 0 0 0 0 0 0 0 0 0 0 0 0 0 0 0 0 0 0 0 0 0 0 0 0 0 0 0 0 0 0 0 0 0 0 0 0 1.768399e+00 0
0 0 0 0 0 0 0 0 0 0 0 0 0 0 0 0 0 0 0 0 0 0 0 0 0 0 0 0 0 0 0 0 0 0 0 0 0 0 0 0 0 0 0 0 1.749390e+00 0 1.714164e+00 0 0 0 0 0 2.304736e+00 0 0 0 0 0 0 0 0 0 0 0 0 0 0 0 0 0 0 0 0 0 0 1.951060e+00 0 0 0 0
0 0 0 0 0 0 0 0 0 0 0 0 0 0 0 0 0 0 0 0 0 0 0 0 0 0 0 0 0 0 0 0 0 0 0 0 0 0 0 0 0 0 0 0 0 0 0 0 0 0 0 0 0 0 0 0 0 0 0 0 0 0 0 0 0 2.178029e+00 3.691052e+00 0 0 0 0 0 0 0 0 0 0 0 0 0
0 0 0 0 0 0 0 0 0 0 0 0 0 0 0 0 0 0 0 0 0 0 0 0 0 0 2.231364e+00 0 0 0 0 0 0 0 0 0 0 0 0 0 0 2.117257e+00 0 0 0 0 0 0 0 0 0 0 0 0 0 0 0 0 0 0 0 0 2.423429e+00 0 0 2.639627e+00 0 0 0 0 0 0 0 0 0 0 0 0 0 0
0 0 0 0 0 0 0 0 0 0 0 0 0 0 0 0 0 0 0 0 0 0 0 0 0 0 0 0 0 0 0 0 0 0 0 0 0 0 0 0 0 0 0 0 0 0 0 0 0 0 0 0 0 0 0 0 0 0 0 0 0 0 2.187189e+00 0 0 0 0 0 0 0 0 0 0 0 0 0 0 0 0 0
0 0 0 0 0 0 0 0 0 0 0 0 0 0 3.658538e+00 0 0 0 0 0 0 0 0 0 0 0 0 0 1.849783e+00 0 0 0 0 0 0 0 0 0 0 0 0 0 0 0 0 0 0 0 0 0 0 0 0 0 0 0 0 0 0 0 0 0 0 0 0 0 0 0 0 0 0 0 0 0 0 3.870865e+00 0 2.517748e+00 0 0
0 0 0 0 0 0 0 0 0 0 0 0 0 0 0 0 0 0 0 0 0 0 0 0 0 0 0 0 0 0 0 0 0 0 0 0 0 0 0 0 5.008974e+00 0 0 0 0 0 0 0 0 2.173718e+00 0 1.911629e+00 0 0 0 0 0 0 0 2.423429e+00 2.187189e+00 0 0 2.799529e+00 0 3.234661e+00 3.939379e+00 0 0 0 0 0 0 0 0 0 0 0 0 0
0 0 0 0 0 0 0 0 0 0 0 1.671911e+00 0 0 0 0 0 0 0 0 0 0 0 0 0 0 0 0 0 0 0 0 0 0 0 0 0 0 0 1.934976e+00 0 0 0 0 0 0 0 0 0 0 0 0 0 0 0 0 0 0 0 0 0 0 2.799529e+00 0 0 0 0 0 0 0 0 0 0 0 0 0 0 0 0 1.894816e+00
0 0 0 0 0 0 0 0 0 0 0 0 0 0 0 0 0 0 0 0 0 0 0 0 0 0 0 0 0 0 0 0 0 0 0 0 0 0 0 0 0 0 0 0 2.308544e+00 0 0 0 0 0 0 0 0 0 0 0 0 0 0 0 0 0 0 0 0 0 0 0 0 0 0 0 0 0 0 0 0 0 0 0
0 2.300675e+00 0 0 0 0 0 0 1.874266e+00 0 0 0 0 0 2.726874e+00 0 0 0 0 0 0 2.664277e+00 0 0 0 3.096095e+00 0 2.335385e+00 0 0 0 0 2.023523e+00 0 0 0 0 0 0 0 0 0 1.707979e+00 0 3.473505e+00 0 0 0 3.314427e+00 0 3.398892e+00 0 0 1.986034e+00 0 0 0 0 2.178029e+00 2.639627e+00 0 0 3.234661e+00 0 0 0 2.846313e+00 0 0 0 0 0 0 1.945422e+00 2.006512e+00 4.626449e+00 0 2.110850e+00 2.134519e+00 0
0 0 0 0 0 0 0 0 1.718207e+00 0 1.695683e+00 0 0 0 0 0 0 0 2.170294e+00 0 0 0 0 0 0 0 2.250778e+00 0 0 0 0 0 0 0 0 0 0 0 0 0 0 0 0 0 1.809807e+00 0 0 0 0 0 3.160159e+00 2.053098e+00 0 0 2.840406e+00 0 0 0 3.691052e+00 0 0 0 3.939379e+00 0 0 2.846313e+00 0 0 0 0 0 0 0 0 0 2.335894e+00 0 2.051033e+00 0 0
0 0 0 0 0 0 0 0 0 0 0 0 0 0 0 0 0 0 0 0 0 0 0 0 0 0 0 1.685607e+00 0 0 0 0 0 0 0 0 0 0 0 0 0 0 0 0 0 0 0 0 0 0 0 0 0 0 0 0 0 0 0 0 0 0 0 0 0 0 0 0 0 0 0 0 0 0 0 0 0 0 0 0
0 0 0 0 0 0 0 0 0 0 0 0 0 0 0 0 0 0 0 0 0 0 0 0 0 0 0 0 0 0 0 0 0 0 0 0 0 0 0 0 0 0 0 0 0 0 0 0 0 1.993252e+00 0 0 0 0 0 0 0 0 0 0 0 0 0 0 0 0 0 0 0 0 0 0 0 0 0 0 0 0 0 0
0 0 0 0 0 0 0 0 0 0 0 2.180551e+00 0 0 0 0 0 0 0 0 0 0 0 0 0 0 0 0 0 0 0 0 0 0 0 0 0 0 0 0 0 0 0 0 0 0 0 0 0 0 0 0 0 0 0 0 0 0 0 0 0 0 0 0 0 0 0 0 0 0 0 0 0 0 0 0 0 0 0 0
0 0 0 0 0 0 0 0 0 0 0 0 0 0 0 0 0 0 0 0 0 0 0 0 0 0 0 0 0 0 0 0 0 0 0 0 0 0 0 0 0 0 0 0 0 0 0 0 0 0 0 0 0 0 0 0 0 0 0 0 0 0 0 0 0 0 0 0 0 0 0 0 0 0 0 0 0 0 0 0
0 0 0 0 0 0 0 0 0 0 0 0 0 0 0 0 0 0 0 0 0 0 0 0 0 0 0 0 0 0 0 0 0 0 0 0 0 0 0 0 0 0 0 0 0 0 0 0 0 0 0 0 0 0 0 0 0 0 0 0 0 0 0 0 0 0 0 0 0 0 0 0 0 0 0 0 0 0 0 0
0 0 0 0 0 0 0 0 0 0 0 2.170992e+00 0 0 0 0 0 0 0 0 0 0 0 0 0 0 0 0 0 0 0 0 0 0 0 0 0 0 0 0 0 0 0 0 0 0 0 0 0 0 0 0 0 0 0 0 0 0 0 0 0 0 0 0 0 0 0 0 0 0 0 0 0 0 0 0 0 0 0 0
0 0 0 0 0 0 0 0 0 0 0 0 0 0 0 0 0 0 0 0 0 0 0 0 0 0 0 0 0 0 0 0 0 0 0 0 0 0 0 0 0 0 0 0 0 0 0 0 0 2.065321e+00 0 0 0 0 1.723337e+00 0 0 0 0 0 0 0 0 0 0 1.945422e+00 0 0 0 0 0 0 0 0 0 0 0 0 0 0
0 0 0 0 0 0 0 0 0 0 0 0 0 0 0 0 0 0 0 0 0 0 0 0 0 0 0 0 0 0 0 0 0 0 0 0 0 0 0 0 0 2.068231e+00 0 0 0 0 0 0 0 0 0 5.591768e+00 0 0 0 0 0 0 0 0 0 0 0 0 0 2.006512e+00 0 0 0 0 0 0 0 0 0 0 0 1.881939e+00 0 0
0 0 0 0 0 0 0 0 0 0 0 0 0 0 0 0 0 0 0 0 0 0 0 0 0 2.067351e+00 0 0 0 0 0 0 0 0 0 0 0 0 0 0 0 0 0 0 2.290447e+00 0 0 0 3.064496e+00 0 3.765908e+00 0 0 0 0 0 0 1.951060e+00 0 0 0 3.870865e+00 0 0 0 4.626449e+00 2.335894e+00 0 0 0 0 0 0 0 0 0 0 0 0 0
0 0 0 0 0 0 0 0 0 0 0 0 0 0 0 0 0 0 0 0 0 0 0 0 0 0 0 0 0 0 0 0 0 0 0 2.079474e+00 1.942990e+00 0 0 0 0 0 0 0 2.805532e+00 2.635390e+00 1.763040e+00 0 3.168608e+00 2.066364e+00 2.280191e+00 0 0 0 0 0 0 0 0 0 0 0 0 0 0 0 0 0 0 0 0 0 0 0 0 0 0 0 2.648418e+00 0
0 0 0 0 0 0 0 0 0 0 0 0 0 0 0 0 0 0 0 0 0 0 0 0 0 0 0 1.726455e+00 0 0 0 0 0 0 0 0 0 0 0 0 0 0 0 0 0 0 0 0 0 0 0 0 0 0 0 0 0 0 0 0 0 2.517748e+00 0 0 0 2.110850e+00 2.051033e+00 0 0 0 0 0 0 0 1.881939e+00 0 0 0 0 0
0 0 0 0 0 0 0 0 0 0 0 0 0 0 0 0 0 0 0 0 0 0 0 0 0 0 0 0 0 0 0 0 0 0 0 0 0 0 0 0 0 0 0 0 0 0 0 0 0 0 0 0 0 0 0 0 1.768399e+00 0 0 0 0 0 0 0 0 2.134519e+00 0 0 0 0 0 0 0 0 0 0 2.648418e+00 0 0 0
0 0 0 0 0 0 0 0 0 0 0 0 0 0 0 0 0 0 0 0 0 0 0 1.814930e+00 0 0 0 0 0 0 0 0 0 0 0 0 0 0 0 0 0 0 0 0 0 0 0 0 0 0 0 0 0 0 0 0 0 0 0 0 0 0 0 1.894816e+00 0 0 0 0 0 0 0 0 0 0 0 0 0 0 0 0
