0 0 0 5.0393553068861365 0 0 0 4.599136709235609 0 0 0 0 0 0 0 0 0 10.81684796512127 0 0 0 0 0 0 0 0 0 3.920394407119602 0 0 0 0 0 0 0 3.4745868984609842 0 0 0 0 0 0 0 4.029364517424256 0 0 0 0 0 2.096195732243359 0 0 0 0 0 0 0 0 0 0 0 0 0 0 2.2158351158723235 0 0 0 0 0 0 0 0 0 0 0 0 0 0 0 0 0 0 0 0 0 0 0 0 0 0 0 0 0 0 0 0 0 0 0
0 0 0 0 0 3.7259201370179653 0 0 0 0 0 0 0 0 0 0 0 0 0 0 0 0 0 0 0 10.512443384155631 0 0 0 0 0 0 0 0 0 0 0 0 0 0 4.2334667653776705 3.653738856315613 0 0 0 0 0 0 0 8.425078907981515 0 0 0 0 0 0 0 2.6748413117602468 0 4.116800831630826 0 0 0 0 0 0 0 0 0 0 0 0 0 0 0 0 0 0 0 0 0 9.945974910166115 0 0 0 0 0 0 0 0 0 7.363185320515186 0 0 0 0 0 8.626494327560067 0 0
0 0 0 0 0 0 0 0 0 0 0 0 0 0 0 0 0 9.639483016449958 0 0 0 2.2036500382237136 0 0 0 0 0 0 0 0 0 0 0 8.60608263546601 0 0 0 0 0 0 0 0 0 0 6.2649058238603175 0 0 0 0 0 0 0 0 0 0 0 0 0 0 0 0 0 0 0 0 0 0 0 0 0 0 0 0 0 0 0 0 0 0 0 8.741861243266612 0 0 0 0 0 3.0191744179464877 0 0 0 0 0 0 0 0 3.2633991367183626 0 0 0 0
9.790440938901156 0 0 0 0 6.946252674330026 0 7.848471311386675 0 3.7035142108798027 0 0 8.537475132849067 0 0 0 0 0 0 0 0 0 0 0 0 0 0 0 0 0 0 6.2606283174827695 0 0 0 0 0 0 0 8.532865309622139 2.2350421026349068 0 0 0 0 0 0 0 0 0 0 0 3.902303524315357 0 0 0 0 0 0 0 0 0 0 0 0 0 0 0 0 0 0 7.947832570876926 0 0 0 0 0 0 0 0 0 0 10.120483838487417 0 0 0 0 0 0 0 9.738196620251983 0 0 0 5.051290682982653 0 0 0 0 2.1329543800093234
0 0 0 0 0 0 0 0 0 0 6.631160489283502 8.902503092773259 0 0 0 0 0 0 0 0 0 8.08974453387782 0 0 0 0 0 0 9.203814623411745 0 0 0 0 0 0 0 0 0 0 0 0 0 0 0 0 0 0 0 0 0 0 0 0 0 1.6162785203196108 0 0 0 0 0 0 0 0 0 0 0 0 0 0 0 0 0 0 0 0 0 0 0 0 0 3.4232098879292607 0 0 0 0 0 4.019406874664128 0 0 0 0 0 0 0 0 0 0 0 5.9767760979011655 0
0 7.858443061355501 0 8.546151359565556 0 0 0 0 0 0 0 0 0 10.547091382555664 0 0 0 0 0 0 0 0 0 0 0 0 0 0 0 0 0 0 0 0 0 0 0 0 0 0 0 0 0 0 7.490958600770682 0 5.2263026419095695 0 0 0 0 0 0 0 0 0 0 0 0 0 0 0 0 0 0 0 0 0 0 0 0 0 9.152265902608633 0 0 0 0 6.948240051511675 0 3.4997231736779213 0 0 0 0 0 0 0 0 0 0 0 0 0 0 0 0 0 0 0 7.7104347865097225
0 0 0 0 0 0 0 0 0 0 0 0 3.91378557914868 5.873276255093515 0 0 0 0 0 0 0 0 0 0 0 3.5336942076683044 0 1.0684394943527877 0 0 0 0 0 0 0 0 0 0 0 0 0 0 0 0 0 0 10.333326886408031 0 0 0 0 0 0 0 0 0 0 0 0 0 0 0 0 2.716531850397587 0 0 0 0 0 0 0 0 0 0 0 0 0 0 0 0 0 0 0 0 0 0 0 0 0 0 0 0 0 0 6.75526614440605 0 0 0 0 0
7.689731273800135 0 0 2.6111294785514474 0 0 0 0 0 0 0 0 0 0 0 0 0 0 0 9.82206761278212 0 0 0 0 0 0 0 0 0 0 0 0 0 7.8571975361555815 0 0 0 0 0 0 0 0 0 0 0 0 0 0 0 0 0 2.0661365021951497 0 0 0 0 0 0 0 0 0 0 7.359464167617261 5.543029048945755 0 0 0 0 0 0 0 0 0 0 0 0 0 0 0 0 0 0 0 0 0 0 0 0 0 0 0 10.938474893569946 0 3.0521179446950555 0 0 0 0 0 0
0 0 0 0 0 0 0 0 0 0 0 0 0 0 0 0 0 0 0 0 0 0 0 0 0 0 0 0 0 0 0 0 0 0 0 0 0 0 0 0 0 0 0 0 0 0 0 0 0 0 0 0 0 0 0 0 0 0 0 0 0 0 0 3.562368572689593 0 0 0 0 0 0 0 0 0 0 0 0 0 5.128548037260771 0 0 0 0 0 0 0 0 0 0 0 0 0 0 0 0 0 0 0 0 0 0
0 0 0 9.204919141717255 0 0 0 0 0 0 0 0 0 0 0 0 0 0 0 0 0 0 0 0 0 0 0 0 3.4552923534065485 0 0 0 0 0 0 0 0 0 0 0 0 0 0 0 0 0 0 0 0 0 0 0 0 0 0 0 0 0 0 0 0 0 0 0 0 0 0 0 0 0 0 0 0 10.56853600917384 2.4443027949891984 0 0 0 0 1.3842138405889273 0 10.242105523589998 0 0 0 8.284696474671364 0 0 9.579027054365724 0 0 0 0 0 0 0 0 0 0 0
0 0 0 0 7.481217562686652 0 0 0 0 0 0 8.320308377966285 0 0 4.357731476426125 0 0 0 0 0 0 0 0 0 0 5.107495779171586 0 0 5.85525032505393 0 0 0 0 0 0 0 0 3.455170329194516 0 0 0 0 0 0 0 0 0 0 0 0 0 3.82761353533715 0 0 0 0 0 0 9.423802158795297 0 0 0 0 0 0 0 0 0 0 0 0 0 0 0 0 0 0 0 0 0 0 0 0 0 0 0 0 0 0 6.388569545466453 0 0 0 0 1.116877481341362 0 0 0 0 0
0 0 0 0 4.0287290387786925 0 0 0 0 0 2.252819679211825 0 0 0 0 0 4.777805028948933 0 0 0 0 0 0 0 0 0 1.9651048039086163 0 0 0 0 0 0 9.796194640453905 6.757344730664045 0 6.603086152113974 0 0 0 0 0 0 0 0 0 0 4.678139513358474 0 0 0 0 0 0 0 0 0 0 0 7.5354103106074035 0 0 0 0 0 0 0 0 0 0 0 0 0 0 0 0 0 0 0 0 0 0 2.9400014239363372 0 0 0 0 0 8.907305741682649 0 0 0 0 0 0 0 0 0 0 0
0 0 0 9.34605434210971 0 0 4.737388234585524 0 0 0 0 0 0 0 0 0 0 0 2.6355337505228817 0 0 0 0 5.081535504665226 0 0 0 0 0 0 0 0 0 0 0 0 0 0 0 0 0 0 0 0 9.550129511859268 0 0 8.91568810120225 0 0 0 9.691041611600667 0 0 0 7.829613433219492 0 0 0 0 0 0 0 0 10.965411075390875 8.168968031182885 0 0 0 0 0 0 0 0 0 0 0 0 0 0 0 0 0 0 0 0 0 0 0 0 0 0 0 0 0 0 0 0 0 0
0 0 0 0 0 3.1841760398820043 10.269257171545178 0 0 0 0 0 0 0 0 0 0 0 0 0 6.722942661959678 0 0 0 0 0 0 0 0 0 0 0 0 0 0 0 0 0 0 4.252900191582739 0 0 0 0 0 10.360948994290084 7.411480205133557 0 0 0 0 0 0 0 0 0 0 0 0 0 0 0 0 0 0 0 0 0 0 0 0 0 0 0 0 0 0 0 0 0 0 0 10.749656803905964 0 4.519902161788195 0 0 0 0 0 0 0 0 0 0 0 0 0 0 0
0 0 0 0 0 0 0 0 0 0 3.1799846086651087 0 0 0 0 0 0 0 0 0 0 0 0 0 0 0 0 0 0 0 0 9.45565830823034 0 0 0 0 0 0 0 0 0 0 6.965364042203873 0 3.6505695190280676 0 5.9936802219599485 0 0 0 0 0 0 2.659534042701125 0 0 4.761729267425835 0 0 0 0 0 0 0 5.857597411610186 0 0 0 0 6.441241813823581 0 2.2294560205191374 0 0 0 0 0 0 0 0 4.978008267004043 0 0 0 3.555044200271368 0 8.95297238510102 0 0 0 0 0 0 3.011667722836137 0 0 0 0 0 0
0 0 0 0 0 0 0 0 0 0 0 0 0 0 0 0 0 0 0 0 0 0 0 0 0 0 0 0 0 0 0 0 0 0 0 0 3.6963405893184245 0 0 0 0 0 0 0 0 0 0 0 0 0 0 0 0 0 0 0 0 8.43493587244302 0 0 0 0 0 0 1.6314152223058045 1.0444532907567918 0 0 5.848993301857263 0 0 0 0 7.575381688307971 0 0 0 0 0 3.053248709999025 0 0 0 0 0 0 0 7.890975558198988 0 0 6.598848115187138 0 0 0 0 0 10.839503488037735 0 0 0
0 0 0 0 0 0 0 0 0 0 0 4.547067465260625 0 0 0 0 0 0 0 0 0 0 0 0 0 0 0 0 0 5.585557216778398 0 0 0 0 0 9.698533461429179 0 0 0 0 0 0 0 0 0 0 0 0 0 0 1.033213347196579 0 0 0 6.3737828601151705 0 0 0 0 0 0 0 0 0 0 0 0 0 0 0 0 0 0 0 0 0 0 0 0 0 0 6.686733666807413 0 0 0 0 4.66164373466745 4.323129736818373 0 0 0 0 5.987174849957228 0 0 0 0 0 0 0
5.052199074067175 0 9.382745662238449 0 0 0 0 0 0 0 0 0 0 0 0 0 0 0 0 0 0 0 0 0 0 0 0 0 0 0 0 0 0 0 0 0 0 0 0 0 2.691567290108651 0 5.68742456054315 0 0 0 0 0 0 0 0 0 0 0 0 0 0 0 0 0 0 4.2580173830501735 2.1467516818083823 0 0 0 6.45689367223531 0 0 0 0 0 0 0 0 0 0 0 0 0 0 0 0 0 1.373179498128593 0 0 0 0 0 0 0 0 4.4199754684232175 0 0 0 0 0 0
0 0 0 0 0 0 0 0 0 0 0 0 8.438111621886492 0 0 0 0 0 0 9.792898713145405 0 0 0 0 5.794366704300046 0 0 0 0 0 0 0 1.9062791871838272 0 0 2.6891924454830587 0 0 0 0 0 0 0 4.790617373306304 0 0 0 0 7.436289567500353 0 0 0 0 0 0 0 0 4.302129625808448 0 0 0 0 0 0 0 0 0 0 0 0 0 0 0 0 0 0 0 0 0 0 1.7076594047248363 0 0 0 6.216809024568647 0 0 0 7.728484323248267 0 0 0 0 0 0 0 3.7270460384897888 0 0 0
0 0 0 0 0 0 0 2.5944156749174 0 0 0 0 0 0 0 0 0 0 7.111202978063375 0 0 0 0 8.612116143573076 0 0 4.013236937113106 0 0 0 0 0 0 0 0 0 0 0 0 0 0 0 0 0 0 0 8.645567038562149 0 0 0 0 0 0 0 0 0 0 0 0 0 0 0 0 0 0 0 0 0 0 0 0 0 0 0 0 0 0 0 0 0 0 0 9.322035833261907 0 0 0 0 0 3.967202882282436 10.880094560794532 0 0 0 0 3.4112968402914703 0 0 0 0 0
0 0 0 0 0 0 0 0 0 0 0 0 0 9.17016104934737 0 0 0 0 0 0 0 0 0 0 0 7.542838094756007 0 0 4.072982185985893 0 0 0 0 0 0 0 0 0 0 0 0 0 0 0 0 0 0 0 0 0 0 0 0 0 0 0 0 0 0 0 0 0 0 0 5.648114014416933 0 4.682416675146669 0 0 0 1.381054230965674 0 0 0 0 0 0 0 0 0 0 0 0 0 10.9576939153485 0 0 0 9.362300270237029 8.872491795569658 0 0 7.843035703059286 0 0 0 0 0 0 0
0 0 7.7611233540810645 0 8.719897804781795 0 0 0 0 0 0 0 0 0 0 0 0 0 0 0 0 0 0 0 0 0 0 0 0 0 5.801617118064314 0 0 0 0 0 0 0 10.227313008159399 0 0 0 0 0 4.7058232561685145 0 0 0 0 0 0 0 0 0 0 0 0 0 0 0 0 0 10.744526606518775 0 0 0 0 0 0 0 0 0 0 0 0 0 0 0 0 0 0 0 0 0 0 0 0 0 0 0 0 0 0 0 0 0 0 0 0 0
0 0 0 0 0 0 0 0 0 0 0 0 0 0 0 0 0 0 0 0 0 0 0 0 0 0 0 10.300016430206597 3.5566889997571707 0 0 0 0 0 0 0 1.2586010424420238 0 0 0 7.171011438127607 0 0 2.4745893445797265 0 0 3.609032215550542 0 5.995188643224537 0 0 0 0 0 0 0 0 0 0 0 0 0 0 0 7.452028639614582 0 0 0 0 0 0 0 0 0 0 2.387951346114278 0 0 0 0 0 0 0 0 0 0 0 0 0 0 0 0 0 0 0 0 0 1.992053069639951 0 0
0 0 0 0 0 0 0 0 0 0 0 0 9.66124288411811 0 0 0 0 0 0 1.800263739656657 0 0 0 0 0 0 0 0 0 0 0 7.502100387588143 0 0 0 0 0 9.921706739347428 0 0 0 0 0 0 0 0 0 0 0 0 0 3.152252548839897 0 0 0 0 0 0 0 0 0 0 0 0 0 0 0 6.302423508837819 0 10.857563993427902 2.644467848818749 0 0 0 0 0 0 0 0 0 0 0 0 0 0 0 0 0 6.930294939316809 9.058439043816179 0 7.82554320897907 4.86717859422788 0 0 0 0 0 0 0
0 0 0 0 0 0 0 0 0 0 0 0 0 0 0 0 0 0 6.794050942640752 0 0 0 0 0 0 0 0 0 0 0 0 9.469084922689945 0 0 9.572467621415854 0 3.8298016055487096 0 0 0 0 0 0 0 0 0 0 0 0 6.096220588311553 0 0 0 5.522568741813302 0 0 0 0 0 0 0 0 2.015477627515793 0 7.968560891691595 5.534125356003642 1.0246282643638551 0 0 0 0 8.407087492756546 7.330365752801299 0 0 6.93900321982801 0 0 0 0 0 0 0 0 0 0 0 0 0 0 0 0 0 0 2.0081575135700405 0 0 0 0 0
0 5.996662265621126 0 0 0 0 1.9559581894427538 0 0 0 7.424050130881369 0 0 0 0 0 0 0 0 0 8.4307627719827 0 0 0 0 0 0 0 0 6.715544237755239 0 0 0 0 0 0 0 0 0 3.0524179749190807 0 0 0 0 0 3.9895335901528597 0 0 0 0 0 0 0 0 0 0 0 0 0 0 0 0 0 0 0 0 0 0 0 0 0 0 0 0 0 0 0 0 0 0 0 0 0 0 0 0 0 0 0 0 0 0 0 0 0 0 5.667477284092456 0 0 0
0 0 0 0 0 0 0 0 0 0 0 4.505889759398997 0 0 0 0 0 0 0 8.890794447157532 0 0 0 0 0 0 0 7.210574156139046 6.5192728247493505 0 5.788210492115468 0 0 0 0 0 0 0 6.22641254356131 0 0 0 0 0 0 0 8.19378482317552 0 0 0 0 0 0 0 0 0 0 0 0 0 0 0 0 0 0 0 0 0 0 0 0 10.019306965637952 0 0 0 0 0 0 1.0819431501440704 0 0 0 0 0 0 0 4.62481540068984 0 0 0 0 0 0 0 0 0 0 5.794074262026697 0 0
6.210497879888862 0 0 0 0 0 4.269573336001486 0 0 0 0 0 0 0 0 0 0 0 0 0 0 0 5.498072299174964 0 0 0 7.312563826795667 0 0 0 0 0 0 0 0 0 0 0 0 0 0 0 0 0 0 0 8.547849523834884 0 0 0 0 0 0 0 0 0 0 0 0 0 0 0 0 0 0 0 10.815548215992749 0 0 0 0 0 0 6.535261027980596 0 0 0 0 0 9.346262010745704 0 6.166177919600159 0 0 0 0 0 0 0 0 0 0 8.682119419332594 0 0 0 0 0 0 0
0 0 0 0 10.418641759548336 0 0 0 0 10.694525017403066 10.934611693024635 0 0 0 0 0 0 0 0 0 3.9951816657558084 0 7.474538871552795 0 0 0 3.966909143142402 0 0 0 0 0 0 0 0 0 0 0 0 0 0 0 0 5.379321087617427 0 0 8.794404688756913 0 0 1.7261214056052268 0 0 0 0 0 0 0 0 0 0 0 0 0 0 0 0 0 0 0 0 0 0 0 0 0 0 0 0 7.406978345476091 0 1.3317053732462227 6.331475592684001 0 0 0 10.911108440719545 0 0 0 0 0 0 4.60675327014178 0 0 0 0 0 0 0
0 0 0 0 0 0 0 0 0 0 0 0 0 0 0 0 6.9181170631200075 0 0 0 0 0 0 0 0 1.398031990043819 0 0 0 0 0 3.7474310668185353 0 0 0 0 0 0 0 0 0 0 0 0 0 0 0 0 0 0 0 0 0 0 0 0 0 0 0 0 0 0 0 0 0 0 0 0 0 0 0 8.27145968703553 0 0 0 0 0 0 0 0 0 0 0 3.867310168221593 0 0 0 0 0 0 0 0 9.614558766130358 0 0 0 0 5.287533576134592 0 0
0 0 0 0 0 0 0 0 0 0 0 0 0 0 0 0 0 0 0 0 0 2.5905989590100944 0 0 0 0 9.429078082554042 0 0 0 0 0 0 0 0 6.912547267507762 0 0 0 0 0 0 0 0 1.446229458320886 0 0 0 8.711305904667825 0 0 0 0 0 9.959025365766138 0 9.55743509484455 0 0 4.227843164931983 0 0 0 0 6.284173171967268 0 0 0 0 0 0 0 0 0 0 0 0 4.75422393437475 0 0 0 0 0 0 0 0 0 0 10.138809158466756 0 0 0 0 0 0 0 0 0 5.378477865830064 0
0 0 0 8.553354501724243 0 0 0 0 0 0 0 0 0 0 5.383710836991668 0 0 0 0 0 0 0 0 5.915605350397527 6.743476925417781 0 0 0 0 6.505584499333054 0 0 0 0 0 0 0 10.257699062582105 0 0 0 0 0 0 0 0 0 0 0 0 4.01567078800872 0 0 0 0 0 0 0 0 0 0 0 0 0 0 0 0 0 8.18016313854605 0 4.927959450520575 0 0 0 0 0 8.422908758744597 0 0 0 0 0 0 0 0 0 0 0 0 0 0 6.473303087055683 0 0 0 0 0 0 0 0
0 0 0 0 0 0 0 0 0 0 0 0 0 0 0 0 0 0 8.389378510415554 0 0 0 0 0 0 0 0 0 0 0 0 0 0 0 0 0 4.805942549370229 0 0 0 0 1.3313568560406566 0 0 0 0 0 0 0 0 0 0 0 0 0 0 4.695938193704933 0 0 0 0 3.6350336358882487 0 0 0 0 0 0 0 0 0 0 0 0 0 0 0 0 0 0 0 0 0 5.265575758181512 0 0 0 0 0 0 0 0 8.81429684953764 0 0 0 0 0 0 0
0 0 4.195707930717617 0 0 0 0 6.293055044021457 0 0 0 10.537504785694182 0 0 0 0 0 0 0 0 0 0 0 0 0 0 0 0 0 0 0 0 0 0 0 10.554566370788962 0 0 5.336663600988686 0 0 0 0 0 0 7.082905167713761 6.956696930807084 3.2563536814413965 0 0 0 0 3.3431014991365373 0 0 0 0 0 0 1.0076079927384853 0 0 0 0 0 0 8.232014962937683 0 0 0 0 0 0 0 0 0 0 0 0 0 0 0 1.9031391190364957 0 0 0 0 0 0 0 0 0 0 0 0 0 0 0 0 0
0 0 0 0 0 0 0 0 0 0 0 5.962447574362159 0 0 0 0 0 0 0 0 0 0 0 0 9.540743784978986 0 0 0 0 0 0 0 0 0 0 10.852694494184107 0 0 0 0 0 0 0 4.388822821434587 0 0 0 0 2.604848518036306 0 7.744347540661693 0 0 0 0 0 0 0 0 0 0 0 6.507996780797839 0 10.916127978358418 0 0 0 0 0 0 0 0 5.444447052665055 0 0 0 0 0 1.6487790402024984 0 0 0 0 0 0 0 0 0 0 0 0 0 0 0 1.6890974566340446 8.577568576671183 0 0 0
7.532129058614373 0 0 0 0 0 0 0 0 0 0 0 0 0 0 0 4.580947257578373 0 4.607989642769098 0 0 0 0 0 0 0 0 0 0 0 3.9151224647648633 0 0 6.67657854873687 9.605152084492147 0 0 0 0 0 0 4.882942304480821 0 0 0 0 0 0 0 0 0 0 0 0 0 0 0 0 0 0 0 0 0 3.1626040199771523 0 0 0 0 0 0 0 0 5.058079987298697 0 0 0 0 0 0 0 0 0 0 0 0 0 0 0 0 0 0 0 0 0 0 7.287677530199289 0 0 10.465404422953725 0
0 0 0 0 0 0 0 0 0 0 0 8.240579011850059 0 0 0 2.7450020695105195 0 0 0 0 0 0 2.455948471557349 0 2.2568644480779767 0 0 0 0 0 0 0 1.434465566650033 0 0 0 0 0 0 0 10.807912532705814 0 0 0 0 0 0 0 0 0 0 0 0 0 0 0 0 0 0 0 0 0 4.399736725259572 3.323540623765439 0 0 0 0 0 0 0 0 0 0 4.58330566668883 0 0 0 0 0 0 0 0 0 0 0 0 0 0 0 0 0 0 0 0 0 0 0 5.258337195497006 0
0 0 0 0 0 0 0 0 0 0 10.857148858718574 0 0 0 0 0 0 0 0 0 0 0 0 9.586866306141019 0 0 0 0 0 0 0 7.628658517729491 0 0 0 0 0 0 4.482047661673278 0 0 0 0 0 0 0 0 0 0 0 0 0 0 0 0 0 2.021503347437829 0 0 0 0 7.893808029126376 0 0 0 0 0 0 0 0 0 0 0 0 0 0 0 7.850936317350715 0 4.933350353036076 0 0 0 0 0 0 0 0 0 1.121316988952458 3.0996278733946383 0 0 0 4.885689859744161 0 0 0 3.4865481071174145 0
0 0 0 0 0 0 0 0 0 0 0 0 0 0 0 0 0 0 0 0 0 5.195792153477669 0 0 0 0 1.3946667374111712 0 0 0 0 0 0 10.02311272220686 0 0 0 10.76969183422625 0 0 0 7.086542597040534 0 0 0 0 0 0 8.630154569633305 10.812674613203853 0 0 0 0 7.164077480789274 0 0 0 0 0 0 0 0 0 0 0 0 0 0 0 0 0 0 0 0 0 0 0 0 0 0 0 0 0 0 0 0 0 0 0 0 0 0 0 3.312315630260855 0 0 0 0 0
0 0 0 5.135774571914226 0 0 0 0 0 0 0 0 0 1.3037355188280344 0 0 0 0 0 0 0 0 0 0 0 5.190961215645075 0 0 0 0 0 0 0 0 0 0 0 0 0 0 0 0 0 0 0 0 0 0 0 0 0 0 3.3358839587308466 0 0 0 0 0 0 0 0 0 0 0 0 0 0 0 0 0 0 0 0 0 0 0 0 6.593340245541185 5.219485244248062 9.55075862724334 0 7.618010804522783 0 0 0 5.332767315208912 10.021490938030183 0 2.1945313634350896 0 0 0 1.0787719548679888 0 0 0 0 0 10.626974798738956 5.32883212575689
0 9.174952752888203 0 7.261961180716753 0 0 0 0 0 0 0 0 0 0 0 0 0 6.94851300586015 0 0 0 0 1.3376521519385278 0 0 0 0 0 0 0 0 0 0 0 0 0 8.414167893584818 0 0 0 0 0 3.648315648548305 8.217815641779453 0 0 0 0 0 0 5.196020229719579 0 0 0 0 0 0 0 6.6603615544736385 0 8.701690178364515 0 0 0 0 0 0 0 6.587922490667552 9.969610328786075 0 0 0 0 0 0 0 0 0 0 0 0 0 0 0 0 0 0 0 0 0 0 0 0 0 0 6.75306196231395 0 0 0
0 4.733456842601299 0 0 0 0 0 0 0 0 0 0 0 0 0 0 0 0 0 0 0 0 0 0 0 0 0 0 0 0 0 0 7.999987016897649 0 0 10.915467435494065 0 0 8.076328434050083 0 0 0 9.56925927568227 0 0 0 0 0 0 0 0 0 0 0 0 0 0 0 0 8.767553981393576 0 0 0 0 0 0 0 4.205715315416455 0 5.094808651134372 0 0 0 0 8.891555603127927 0 0 0 0 0 0 0 0 0 0 0 0 0 0 3.346926473546773 0 0 0 0 0 0 0 0 0 0
0 0 0 0 0 0 0 0 0 0 0 0 0 0 6.005753959994763 0 0 8.100114456843585 0 0 0 0 0 0 0 0 0 0 0 0 0 0 0 0 0 0 0 0 0 0 1.2962078526616096 4.540737102739513 0 0 0 0 4.011337262578309 0 5.77670444175601 0 0 0 0 0 6.90579210082069 0 0 5.5154120260849595 0 3.0737888547591865 0 0 0 0 0 0 0 0 0 0 0 0 0 0 0 0 0 0 2.9077324448153377 0 0 8.791102533228695 0 0 0 0 0 0 0 0 0 0 0 0 0 0 0 6.06342533743009 0 0
10.955996321514249 0 0 0 0 0 0 0 0 0 0 0 0 0 0 0 0 0 6.494870746042579 0 0 0 6.6540219113230705 0 0 0 0 0 10.480652948841453 0 0 0 0 0 9.937343473080546 0 0 0 0 0 3.2167966747656465 0 0 0 0 0 0 0 0 0 0 0 0 0 0 0 0 0 0 0 0 7.654099996667355 0 0 0 0 0 0 0 5.682692049536854 0 0 0 0 0 0 0 0 0 0 0 0 0 0 0 0 0 0 0 0 9.127792431041598 0 0 0 0 0 6.9421610133722425 7.607556713279337 0 0
0 0 8.250897693447769 0 0 3.4447360541671515 0 0 0 0 0 0 10.712915327399969 0 6.031838302966207 0 0 0 0 0 0 6.899209578055888 0 0 0 0 0 0 0 0 6.607708997558802 0 0 0 0 0 0 0 0 0 0 0 0 0 0 0 0 0 0 0 0 0 0 0 0 1.8134329691529274 0 0 0 10.314737436361611 0 3.93698756955564 0 0 0 0 0 6.674440409056842 0 5.113604438025504 0 0 0 2.685461401939392 0 0 0 0 0 0 0 0 0 0 9.568482394330204 0 0 0 5.02549575548619 0 0 3.607778653036803 0 0 0 0 0 0 0 0
0 0 0 0 0 0 0 0 0 0 0 0 0 10.407104628626257 0 0 0 0 0 0 0 0 0 0 0 6.990230415482074 0 0 0 0 0 0 0 4.474715149495751 0 0 0 0 0 0 0 0 0 0 0 0 0 0 0 0 0 0 0 0 0 0 0 0 0 0 0 0 0 0 0 0 0 0 7.3897360395640135 0 0 0 0 0 0 0 0 0 0 0 0 0 0 0 0 0 0 0 0 0 0 0 0 0 0 0 0 1.727511562872678 0 0
0 0 0 0 0 4.9575473428703845 9.713616556487978 0 0 0 0 0 0 10.511661182623357 6.7215043739415705 0 0 0 0 4.535640162881464 0 0 1.6128814234398305 0 0 0 5.71520708873868 8.399856788106263 8.69879405386746 0 0 0 0 9.297307800967246 0 0 0 0 0 0 0 0 6.427261940203607 0 0 0 0 0 0 9.796114842407405 0 0 0 0 0 0 0 0 0 0 0 0 0 0 0 0 0 0 0 0 4.805628216359764 0 0 0 0 0 9.265589743386954 0 0 0 0 0 0 0 0 0 3.408390985801816 0 0 0 0 0 0 0 0 0 0 0 0 0
0 0 0 0 0 0 0 0 0 0 0 9.002318174112588 2.0936604463495314 0 0 0 0 0 0 0 0 0 0 0 0 0 0 0 0 0 0 0 0 3.7137385471723974 0 0 0 0 0 0 0 0 0 0 0 0 0 0 0 0 0 0 0 0 0 0 0 0 0 0 0 0 0 0 0 0 9.09037412982434 0 0 0 0 0 0 0 0 0 0 0 0 0 0 0 0 0 0 0 0 0 0 0 0 0 0 5.981453809887171 0 7.996709280647337 0 5.574396591633558 0 5.593801093287766
0 0 0 0 0 0 0 0 0 0 0 0 0 0 0 0 0 0 6.236754477955401 0 0 0 5.360250812023878 0 0 0 0 0 0 0 4.939941658172756 0 0 0 8.913610362447798 0 0 0 1.3208209061995149 0 0 0 10.19266976416111 0 0 0 0 0 0 0 0 7.947379775810987 0 0 0 0 0 0 0 0 0 0 0 0 0 0 0 0 0 0 0 0 1.030786907300353 0 0 0 0 0 0 4.408437189646065 5.177337095607072 0 0 0 0 5.168484455440193 0 0 0 0 0 2.7693390091881156 0 0 0 0 0 0 0 0
10.617926285136491 6.2795131620951 0 0 0 0 0 0 0 0 0 0 0 0 0 0 0 0 0 0 0 0 0 0 5.5852610864676535 0 0 0 2.391684717964381 0 0 0 0 0 0 0 0 0 3.933258966077119 0 0 0 0 0 0 0 2.482406109571457 0 0 0 0 2.517369707580656 0 0 0 0 0 0 0 7.78520180284977 0 6.560073342639953 0 0 0 0 0 0 0 0 0 0 0 0 0 0 0 0 0 3.7795759309083223 0 0 0 0 0 0 0 0 0 0 0 0 0 0 0 0 0 0 0 7.83105448493734
0 0 0 0 0 0 0 0 0 0 0 0 0 0 0 0 9.301765508949757 0 0 0 0 0 0 0 0 0 0 0 0 0 0 4.08010479202494 0 0 8.836177118588239 0 0 0 0 0 2.2276171799749136 0 0 0 0 0 0 0 0 0 0 0 1.5576647026464343 0 0 0 0 0 0 0 0 6.022769023198634 0 0 0 0 0 0 0 0 0 0 0 0 0 0 0 0 0 2.3726586918346584 0 0 0 9.745897193439305 0 0 0 0 0 0 0 0 0 6.491689667105675 0 0 0 0 0 0
0 0 0 0 0 0 0 4.600269991438836 0 0 10.313517918344587 0 2.098638258408755 0 0 0 0 0 0 0 0 0 0 7.528507776092738 0 0 0 0 0 0 0 0 0 0 0 0 0 0 0 0 0 0 0 0 0 0 0 0 9.46798483049497 9.949173267465085 0 0 0 0 0 0 0 0 0 0 0 0 4.464395785704255 0 0 0 0 0 0 0 0 0 0 0 0 0 0 0 0 0 0 0 0 1.2598897786810994 0 0 3.654021962080151 0 0 0 0 0 0 0 0 9.409143104217947 0 0 0 0
0 0 0 9.498750238213688 0 0 0 0 0 0 0 0 0 0 0 0 0 0 0 0 0 0 0 0 0 0 0 0 0 0 0 0 0 6.450441821012646 0 0 0 0 0 7.190761476755142 0 0 0 0 0 0 0 0 0 0 10.692703525070101 0 0 0 4.532892731018364 0 0 0 0 0 0 0 0 0 1.4642453184351325 0 0 0 10.96884343214333 5.384185657836497 0 0 0 8.955965586006641 0 0 0 0 0 0 0 0 0 0 0 0 0 0 0 0 0 0 0 0 0 0 0 0 0 0
0 0 0 0 0 0 0 0 0 0 0 0 0 0 1.3199773305095732 0 0 0 0 0 0 0 0 0 4.089589353185147 0 0 0 0 0 0 0 0 0 0 0 0 0 0 0 0 0 0 0 0 0 0 0 0 0 0 0 0 0 0 9.621537839062512 0 0 0 0 0 0 0 0 0 0 0 0 0 0 0 0 0 0 0 0 0 0 0 0 0 0 0 0 0 0 0 0 0 0 0 0 0 0 0 0 0 0 8.971584287006408 0
0 0 0 0 9.946275210473686 0 0 0 0 0 0 0 0 0 0 0 1.6820351700298488 0 0 0 0 0 0 0 0 0 0 0 0 0 1.0810173735953867 0 0 0 0 0 0 0 8.808477627113461 0 0 0 3.3763097799383104 0 0 0 0 0 0 0 0 0 3.9403618909418583 0 0 9.50898779463023 0 0 0 0 0 0 0 0 0 0 0 0 0 8.137796101160347 0 0 0 0 0 0 0 0 0 0 0 5.856194367166609 0 0 0 0 0 0 0 0 0 0 0 0 0 0 0 5.794690895359963 0 7.6587151400744915
0 0 0 0 0 0 0 0 0 0 0 0 8.794066504575312 0 0 0 0 0 0 0 0 0 0 0 0 0 0 0 0 0 0 0 0 0 0 0 0 0 0 0 0 0 0 0 1.078827750403434 0 0 0 0 0 0 0 0 8.552158343605697 8.185659883543849 0 0 0 0 0 0 0 0 0 0 0 0 0 0 0 0 0 2.952721602283418 0 0 0 0 0 7.758409617468715 10.783439931925386 0 0 0 0 0 0 0 0 0 3.520928524900228 4.900655889883637 0 0 0 0 9.113649922888726 0 0 0 0
0 0 0 0 0 0 0 0 0 0 0 0 0 0 10.71967494348064 0 0 0 0 0 0 0 0 0 0 0 0 0 0 0 3.101431309711188 0 8.399398549459875 0 0 0 0 8.81108019175008 0 0 0 0 0 0 0 0 0 0 0 0 0 0 0 0 0 0 0 0 0 0 0 0 0 0 0 0 0 0 0 0 0 0 0 0 0 0 0 0 0 10.357507091481239 0 3.8336730925366282 0 0 0 3.738404350820929 0 0 2.293436100240797 0 0 0 0 9.999775853008032 0 0 0 0 0 9.292486662976444
0 9.310005725361407 0 0 0 0 0 0 0 0 0 0 0 0 0 2.8296621832996607 0 0 7.550967425573617 0 0 0 0 0 0 0 0 0 0 0 0 0 0 0 0 0 0 0 0 0 0 0 7.426803462672979 0 0 0 0 0 0 0 0 0 0 0 0 0 0 0 0 0 0 0 0 0 0 0 0 0 2.3933477737009525 0 0 0 0 0 0 0 0 0 0 0 0 0 0 0 0 0 0 0 0 0 0 5.039247916080058 0 8.378817775752395 0 0 0 0 0 3.2237487393431365
0 0 0 0 0 0 0 0 0 0 3.4503933754749596 0 0 0 0 0 0 0 0 0 0 0 0 0 0 0 0 0 0 0 0 0 0 0 0 0 0 0 0 0 3.537716703955084 0 0 0 0 0 0 0 0 0 0 0 0 0 0 0 0 0 0 0 0 0 0 0 0 0 0 0 0 0 7.670665144920349 0 0 0 2.7695932323113084 0 0 0 0 3.369261672720313 0 0 0 0 0 0 0 0 0 0 0 0 0 0 0 0 0 0 0 0
0 7.819254062138498 0 0 0 0 0 0 0 0 0 3.1013477607630193 0 0 0 0 0 0 0 0 0 0 0 0 0 0 0 0 0 0 1.7412576279602945 0 0 7.430183877237141 0 0 0 0 0 0 0 10.41610810579732 10.894358082674444 0 7.182709243148565 0 0 0 0 9.048684624955058 0 0 0 0 0 0 0 0 0 0 0 0 9.137870002537966 5.085224601440132 0 0 0 8.894855358172208 0 8.233995855785906 0 0 3.9448082856833935 0 0 0 0 0 0 6.399560739751905 0 0 0 0 0 10.800663157366216 0 0 0 0 0 0 0 0 0 0 0 0 0 0
0 0 0 0 0 0 0 0 0 0 0 0 0 0 0 0 0 0 0 0 0 0 0 0 0 0 0 0 0 0 0 0 0 0 0 0 0 0 0 0 1.9502589283511043 0 0 0 0 0 0 0 0 0 0 0 0 0 0 0 0 0 0 0 0 0 0 0 0 0 0 0 0 0 2.979278528597206 0 0 0 0 0 0 0 8.2555583412759 0 4.653428049292415 0 0 8.230099893640727 0 9.950048969127238 0 0 0 0 0 0 0 0 0 0 0 0 0 0
0 0 0 0 0 0 0 0 0 0 0 0 0 0 0 0 0 2.6941552865318954 0 0 0 0 0 0 0 0 0 0 0 0 0 0 10.999680938199162 0 0 0 0 7.348044031765312 0 0 0 0 0 5.261129822116345 7.4743871265091 0 0 0 0 9.437803857959807 9.275338909588754 0 0 0 0 0 0 0 0 0 0 0 0 0 0 0 0 0 0 10.13609707262367 0 0 0 0 0 0 0 0 0 0 0 0 0 0 4.028431793209165 0 6.41144450660795 0 0 0 0 0 0 0 0 0 0 0 0 0
0 0 0 0 0 0 0 2.8064960604533553 0 0 0 0 0 0 0 0 0 7.689999019727111 0 0 0 7.597399029415101 0 0 10.026778612751514 0 0 0 0 0 0 0 0 0 1.3233295562677085 0 9.801718959584832 0 0 0 0 0 0 0 0 0 0 0 0 0 0 5.05978299677372 0 0 0 0 0 0 0 7.566745245363563 0 0 0 0 0 0 0 0 0 0 0 0 0 0 0 0 0 0 0 0 0 0 0 0 0 0 0 0 0 0 0 0 0 0 3.5077842897735536 0 0 0 0 0
0 0 0 0 0 0 10.552098840940744 3.315965148154646 10.229811341501772 0 0 0 0 0 0 0 0 0 0 0 0 0 0 0 0 0 0 0 0 0 0 0 0 0 0 2.170412937644869 4.64989714929834 0 0 0 0 0 0 0 0 0 0 0 0 0 0 0 0 0 0 0 0 0 0 8.820435864850879 0 0 0 0 0 0 0 0 0 0 0 0 0 0 0 9.337134383618832 0 0 0 0 8.40980232367292 0 0 1.1048369356431067 0 0 0 9.594003692269325 0 0 0 0 0 0 0 0 0 0 0 0
4.003026719670743 0 0 0 0 0 0 0 0 0 0 0 8.273724526166916 0 2.3758730213157833 7.070973612368107 0 0 0 0 5.842519981320947 0 2.81272134417668 0 5.495329619385302 0 0 0 0 0 5.430888800416142 0 0 0 9.625762392766774 0 0 0 0 0 0 0 0 0 0 0 0 0 0 0 0 0 2.3528435793705285 0 0 0 0 0 0 0 0 0 0 0 0 8.1436224761419 0 0 0 0 0 0 7.5048683900386095 0 0 7.601442864630371 0 0 0 0 0 0 0 0 0 0 0 0 0 0 0 0 0 0 0 0 0 0 0 0
0 0 0 0 0 0 0 0 0 0 0 0 7.796098002232611 0 0 5.718811528291553 0 0 0 0 0 0 0 0 2.430155257694423 0 0 0 0 0 0 0 0 0 0 0 0 0 0 0 0 0 0 0 0 0 0 0 0 0 0 0 0 0 0 0 0 0 0 0 0 0 0 0 5.290961278602481 0 0 0 0 0 0 0 0 0 0 0 0 0 5.213734646327794 0 10.887636164203286 0 0 0 0 0 0 0 0 0 0 0 0 10.81663779122755 0 0 0 0 0 0
0 0 0 0 0 0 0 0 0 0 0 0 0 0 0 0 0 9.790088114328682 0 0 6.559991006739438 0 0 0 5.777691205963492 0 0 6.669204429723322 0 0 0 0 0 10.976623416878283 0 0 0 0 0 0 0 0 0 0 0 0 0 8.372014138381928 0 0 0 0 0 0 0 0 0 0 0 0 0 0 0 0 0 0 0 0 0 0 0 0 1.6976458593271673 0 0 0 0 0 0 3.575388087425381 0 0 0 0 0 0 0 0 0 0 0 0 4.310011508874595 0 0 0 9.494111460167915 0 0 0
0 0 0 0 0 0 0 0 0 0 0 0 0 0 0 0 0 0 0 0 0 0 0 9.670865250751376 0 0 0 0 0 0 0 0 0 0 0 0 0 0 0 0 0 4.561448901891708 0 0 9.350275224074721 0 0 0 0 0 0 0 0 0 0 0 0 0 0 5.114363782573491 0 0 0 0 0 0 0 0 0 0 9.565307166427374 0 0 0 0 0 0 0 7.72097934409976 7.005383329465985 0 0 3.1810647775419056 0 0 0 0 0 0 0 0 0 0 0 0 0 0 0 0 7.9756274577230215
0 0 0 0 0 0 0 0 0 0 0 0 0 0 0 9.146735727787018 0 0 0 0 0 0 0 0 0 0 0 0 0 0 0 8.693666708655655 0 0 0 0 0 0 0 0 7.544387536123395 0 0 0 0 7.682209598366171 0 0 0 0 0 0 2.3844147860072553 0 0 0 0 3.3449735762551427 0 0 0 0 0 0 0 0 0 0 0 0 3.5615133880637586 0 0 0 0 5.973192200995982 0 10.640335661824793 0 0 0 0 0 0 0 0 0 0 0 0 0 0 0 0 0 0 0 0 0 0
0 0 0 0 0 0 0 0 0 0 0 0 0 0 9.162327848840505 0 0 0 0 0 0 0 0 4.612951212562621 0 0 0 0 0 0 0 0 0 0 0 0 0 0 0 0 10.423102622386068 10.295261013321579 0 10.506468658801168 4.868837519548833 0 0 0 0 0 0 0 9.235614118166268 0 6.66127767553553 0 0 0 0 7.789684779942036 0 5.841778641566634 0 0 0 0 0 0 0 0 7.207185708917677 0 5.799583572894335 0 0 0 0 0 6.591389313340187 0 0 0 0 0 0 10.733168014790863 0 0 0 0 0 2.6969819366931915 0 0 0 0 0 0 0 0
0 0 0 0 0 0 0 0 0 0 0 0 0 0 0 0 0 0 0 0 7.619019233621657 0 0 3.172560323961079 0 0 0 0 0 0 0 3.300386130809784 0 0 0 0 0 0 0 0 0 0 0 0 0 0 6.859780155587941 0 0 0 0 0 0 0 0 0 0 0 3.4424741230905056 0 5.450451408047229 0 0 0 0 0 0 3.5284268241375685 6.669256914407015 7.371199917048216 0 7.622184398584068 7.865101375151426 0 0 0 0 0 0 0 0 0 0 0 0 7.306386680807918 0 3.1939605847001076 0 0 0 0 0 0 0 0 0 0 3.627052506431937 0
0 0 0 5.881181516684592 0 0 0 0 0 0 0 0 0 0 9.069751823786646 0 0 0 0 0 0 0 0 0 2.498331264592707 0 7.847469182685018 0 0 6.734489290043712 0 0 0 0 0 0 0 0 0 0 0 0 0 0 0 0 0 0 0 0 0 0 0 0 0 0 0 0 0 0 0 0 0 0 0 0 0 0 0 0 8.097365458030254 0 0 0 0 0 0 0 0 0 0 0 0 0 0 0 9.198788261506706 0 9.372109460178763 0 0 0 0 0 4.443285098765045 0 0 0 0 0
0 0 0 0 0 6.45638267416507 0 0 0 0 0 0 0 0 0 0 0 0 0 0 0 0 0 0 7.59787695389241 0 0 0 0 0 0 0 0 0 0 1.3391883219592273 0 0 0 0 0 0 0 0 0 0 0 0 8.494688932783902 0 0 0 0 0 0 9.57135555241257 0 0 0 7.623387229628861 0 0 0 0 4.91807975480333 0 1.306704908143729 0 0 7.971975383348763 10.422449034173042 0 0 0 2.534338661003858 0 0 0 0 0 0 0 0 0 0 0 0 0 0 0 0 0 0 0 0 0 0 0 6.620464216917753 0
0 0 0 0 0 0 0 0 0 8.53907104022801 0 0 0 0 0 8.222755060065538 0 0 0 0 0 0 0 0 0 0 0 9.85170963127166 0 0 0 0 0 0 10.604221722111106 0 0 0 0 0 0 0 0 0 9.593227623496205 0 0 0 0 0 0 0 8.49282140750438 0 0 0 0 0 0 0 0 0 0 0 0 0 0 0 0 0 0 0 0 0 0 0 8.592573435977101 0 0 8.800298149231821 0 0 0 0 3.849599295295775 0 0 0 0 6.635800396557897 0 0 0 0 0 0 0 0 0 0
0 0 0 0 0 0 0 0 0 10.136592079885304 0 0 0 0 0 0 0 0 0 0 0 0 0 0 0 0 0 0 0 0 0 0 0 0 0 0 1.3707375307567418 0 0 0 0 7.53899445431307 0 0 0 0 0 0 0 0 0 0 0 0 0 0 0 0 6.941811497323215 0 0 0 0 0 0 0 0 0 0 0 0 0 5.965837185736746 0 0 0 0 0 0 0 0 0 10.859016272239387 0 0 0 0 0 0 0 0 0 0 2.64338345406577 0 0 0 0 0 0
0 0 0 0 0 0 0 0 0 0 0 0 0 0 0 0 0 0 0 0 0 0 7.621925784274936 0 10.94923572987318 0 0 0 0 0 0 0 0 0 0 0 0 0 0 0 0 0 0 0 0 0 0 0 0 0 0 0 0 0 0 0 0 0 0 0 0 0 0 1.4719061870127916 7.128451169934124 0 0 0 6.670178204309195 0 0 0 0 0 0 0 0 0 0 0 2.968459622003138 0 0 0 0 0 0 6.2619249653071165 0 0 0 3.0100523554719985 0 9.708167993463576 0 0 0 0 0 0
0 0 0 0 0 0 0 0 0 0 0 0 0 0 0 0 0 0 0 0 0 0 0 0 0 0 0 0 0 0 0 4.032657878939062 0 0 0 0 0 0 0 0 0 0 0 0 0 0 8.431370173580945 0 0 0 0 0 0 0 0 0 0 0 0 0 0 0 0 0 0 0 0 0 0 0 0 0 0 7.5222966112196445 0 0 0 0 0 0 0 0 0 0 0 0 0 0 0 0 7.012837814632803 7.762409079819918 0 0 0 0 5.626354365609586 0 6.392915019765496 0
0 0 0 0 0 8.8252240922302 0 0 7.006407025270164 0 0 0 0 0 0 0 0 0 0 0 0 0 0 0 0 0 0 0 0 0 9.904921726789325 0 0 0 0 0 0 4.7050009006634355 0 9.716298597864807 0 0 0 0 0 0 0 0 0 0 0 0 0 0 0 0 0 0 0 0 0 0 0 0 0 0 0 0 2.9428795436397195 0 0 0 0 0 0 0 0 0 0 0 0 0 0 0 0 0 0 1.5873392056673765 0 0 0 0 0 0 0 0 0 0 0 0
0 0 0 0 0 0 0 0 0 0 0 0 0 0 0 0 0 0 0 0 0 0 0 0 0 0 10.539780816994607 0 8.84120072145015 0 0 0 0 0 0 0 0 0 0 8.21668417332694 0 0 8.170869372785091 0 0 0 0 0 0 0 0 0 0 0 0 9.024235353805125 0 0 0 0 10.799319638404995 0 0 0 0 7.269777964334935 0 10.75185977295041 0 9.676414010114968 0 0 0 0 0 0 0 0 0 4.831451125442982 0 0 0 0 0 0 0 0 0 10.47978395037353 0 0 0 0 0 0 0 0 0 0
0 0 0 0 0 4.696796139702201 0 0 0 7.854747575707734 0 0 0 0 0 9.076650956645608 0 0 0 0 0 0 0 0 0 0 0 8.644360361155123 0 0 0 0 0 0 8.362960008904338 0 0 9.838214606512338 0 2.6746469028294086 0 0 0 0 0 0 0 0 5.8308357573114336 4.574744316283613 9.864155863411725 0 0 0 0 6.534157541114837 8.146344042848796 0 10.575278765987605 5.717072760686278 0 0 0 0 0 0 10.011786007322371 7.816719176713377 0 0 0 0 0 2.475572132039815 0 0 0 0 9.379044868052006 0 0 0 0 0 0 3.1463732421398163 0 0 0 0 9.882939198520035 5.524202554021031 0 0 0 0 0 0 0 0
0 0 8.811031620949507 0 1.432777781970799 0 0 0 0 0 0 0 0 0 5.943671561777592 0 0 0 10.334134270902723 0 0 0 0 0 0 0 0 0 1.4804969113320112 0 0 0 0 0 0 0 0 0 0 0 0 0 0 0 0 0 0 0 8.95840002130717 0 0 0 0 0 0 0 0 0 0 0 4.225485689472407 0 0 9.5362185142003 0 6.504734592977911 0 0 0 0 0 0 0 0 0 8.781014365609735 0 0 0 0 0 0 0 0 0 0 0 0 0 0 0 0 0 0 0 0 9.837199297267944 0 0 0
0 2.72937645111233 0 0 0 0 0 0 0 4.384992545470595 0 0 0 0 0 0 2.6420885385014117 0 0 0 0 0 0 0 0 0 0 4.936608810909092 8.755509896669537 0 0 0 0 0 0 0 0 0 0 3.9332457575947046 0 0 2.1340674059465528 0 0 0 0 0 0 0 0 0 0 0 9.598701213486493 0 2.2803999427706003 0 0 0 0 0 0 0 0 0 0 0 0 0 0 0 0 0 0 0 0 0 0 0 0 0 0 0 0 0 0 0 0 0 0 0 0 0 0 0 0 0 0 6.724557538051158
0 0 0 1.0344125623814762 0 0 0 0 0 0 0 8.769262050278485 0 4.602296768222004 0 0 0 0 0 5.0509633044712245 0 0 0 0 0 0 0 0 0 0 0 0 0 4.97782115265727 0 0 0 0 0 0 0 0 0 0 0 0 0 0 0 0 0 0 0 0 0 0 0 0 0 0 0 0 0 0 0 0 0 5.599223793484271 0 0 0 0 0 0 7.159187210723758 0 0 0 0 0 0 0 0 0 0 0 0 0 0 0 0 0 0 0 0 0 0 0 0 0
0 0 0 0 0 0 0 0 0 0 0 0 0 0 0 0 0 0 0 0 0 0 0 0 0 0 0 0 0 9.66022971458733 0 0 9.273643548600376 0 0 0 0 0 0 0 0 0 0 0 0 0 0 0 0 0 3.910117113497108 10.38884558621794 0 0 0 0 0 0 0 0 1.5089235655032098 0 0 5.850197322666645 0 0 0 0 0 0 0 0 0 0 0 0 0 0 0 0 0 0 0 0 0 0 0 0 0 0 0 0 0 1.9972229111008346 0 0 0 1.6463295849971473 0 0
0 0 0 0 0 0 0 0 0 0 0 0 0 1.775054027326405 6.513176673557609 0 0 8.421016469597816 9.962083794176579 0 10.13086430169642 0 0 0 0 0 0 0 0 0 0 0 0 0 0 0 0 0 0 0 0 0 0 0 1.9399097366258502 0 0 0 0 0 0 0 0 0 0 0 0 0 0 0 0 5.549746792763472 0 0 0 0 0 0 0 0 0 0 0 1.2265843329951167 0 0 0 0 0 0 0 0 0 0 0 0 0 0 0 0 0 4.933555439580232 0 0 0 0 0 0 0 0
0 0 0 0 0 0 0 0 0 9.389747741166502 0 0 0 0 0 0 0 0 0 0 0 0 0 0 0 0 0 0 3.747108170296997 0 0 0 0 0 0 0 0 0 0 9.84772484889254 0 0 0 0 0 0 0 0 9.527060775086284 0 0 0 0 0 0 0 4.741752242203802 0 0 7.584418241400272 9.391507463529706 0 0 0 0 0 0 0 0 7.257850485853851 6.043698288500309 0 0 0 0 0 0 0 0 1.1540821813978255 0 0 0 0 0 0 0 0 0 0 0 0 0 0 0 0 0 0 0 0
0 0 6.715290957596153 0 3.649196886923164 0 0 0 0 0 0 0 0 0 3.814801000058651 0 1.9498211368918419 0 0 0 0 0 0 0 0 0 5.066285521257669 0 0 0 0 0 0 0 0 0 0 0 0 3.1297692670486867 0 0 0 0 0 0 4.929222028236836 0 0 0 0 9.649121215566993 0 0 0 0 0 0 0 0 0 10.505491571035236 0 0 0 0 0 0 0 0 0 5.948316826485097 0 0 0 0 0 0 0 0 0 0 0 0 0 0 0 0 6.721855571027845 0 0 0 0 0 0 0 0 0 0 0
0 0 0 0 0 0 0 0 0 0 0 0 0 0 0 5.767156504094601 5.58870270755142 0 0 0 0 0 0 0 0 0 0 0 0 0 0 0 0 0 0 0 0 0 0 0 0 0 0 0 0 0 0 0 0 0 0 0 0 0 0 0 0 0 0 0 0 0 0 1.4833510797470808 0 0 0 0 0 0 9.880790516268462 0 0 0 0 4.385634000878781 0 2.610614862293005 0 0 0 0 0 0 0 0 0 0 0 0 0 0 0 0 0 0 0 0 0 0
0 0 0 0 0 0 0 0 0 5.745474315714091 0 1.2916352427564561 0 0 0 0 0 0 5.8184814979322255 9.72612637700513 4.853457148652524 0 0 4.513891322072595 0 0 0 0 0 0 6.10541369440034 0 0 0 0 0 0 0 0 9.566421496216208 0 0 0 0 1.770158723462373 0 0 0 0 0 0 0 0 0 0 0 2.2542003765702248 0 0 0 0 0 0 0 0 0 0 0 0 0 0 9.409260699991137 0 0 0 0 0 0 0 0 0 0 0 0 0 0 5.092269069515169 0 0 0 0 0 0 0 0 0 0 0 0 0
0 0 0 0 0 0 0 0 0 0 7.926677257288247 0 0 0 0 0 0 0 0 1.0445168069563806 2.9805882638320327 0 0 6.053232782520354 0 0 0 0 0 0 0 0 0 0 0 0 0 10.627556561026722 0 0 0 4.317961227148771 0 0 0 0 0 0 0 0 0 0 0 0 0 7.64399211993441 0 0 0 0 0 0 0 0 0 0 0 0 0 0 0 0 0 4.437809343449771 0 0 0 0 1.99591527832672 0 0 0 0 0 0 0 0 0 0 0 0 0 0 0 0 0 0 0 0 0
0 0 0 7.565177510492504 0 0 0 0 0 0 0 0 0 0 0 9.04555801441893 0 0 0 0 0 0 0 0 0 0 0 0 0 0 0 0 0 0 0 0 0 6.634082951582968 0 0 0 0 0 6.7482567499391735 0 0 0 0 0 0 0 0 0 0 0 4.534382290672511 0 0 0 0 0 0 0 0 0 0 0 0 0 0 0 0 0 0 0 0 7.598698089364916 0 0 1.9139797161333263 0 0 0 0 0 0 0 0 0 0 0 0 5.290310663636774 0 4.730238550342619 0 0 0 0 0
0 9.636675016023219 0 0 0 0 0 2.039618405047804 0 0 0 0 0 0 0 0 0 0 0 0 0 0 0 7.799066672101617 0 0 0 0 0 0 0 4.865763565991074 0 0 0 0 0 0 0 0 0 0 0 0 10.358377091120929 0 0 0 3.2007101215422153 0 0 0 0 0 0 0 0 9.471425110474229 0 0 0 0 0 0 0 0 0 0 0 10.249702983070165 0 0 0 0 0 3.131021269597113 9.397916785907 0 0 2.651911335065961 0 0 0 0 2.9051042175851762 0 0 0 0 0 0 0 0 0 0 0 0 0 0 0
0 0 0 0 0 0 0 0 0 0 0 0 0 0 0 0 5.808472404256463 0 0 0 2.041742214001715 0 0 6.172649973537773 0 0 0 10.691611481830478 2.7111124796792865 2.7514788871631026 0 0 3.1773064229637384 0 0 0 0 0 0 3.1520069194957614 0 0 0 0 0 0 0 0 0 0 0 0 0 0 0 0 0 0 0 0 0 0 0 0 0 0 1.6892407406121492 0 0 0 0 0 0 0 0 0 0 0 0 0 0 0 0 0 0 0 0 0 0 0 5.808267240878195 0 0 0 0 0 0 0 0 4.0446743802167475
0 0 0 0 0 0 0 10.024544840212911 0 0 0 0 0 0 2.1209992063231766 0 0 6.617047494743019 0 0 0 0 0 0 0 0 0 0 0 0 0 0 0 0 0 0 0 0 0 0 0 0 0 0 0 0 0 10.135060720145702 0 0 7.819088023621589 0 0 0 0 0 6.974474451504648 1.408798789139837 0 0 0 0 0 0 0 6.692000731360167 0 0 0 0 0 0 0 0 2.4259896730072796 9.497336725704372 0 0 0 0 0 0 0 2.07770764734596 0 0 0 0 0 0 0 0 0 0 0 0 0 5.830256102140993 0 0
0 0 0 7.604826112743467 0 0 5.646547827869654 0 0 0 6.173045448027551 0 0 0 0 0 0 0 0 7.661314296070486 0 0 0 0 2.6574009298346937 0 0 0 0 0 0 0 0 0 0 0 0 1.872642716858536 1.9112652949988842 0 0 0 0 0 0 0 0 0 0 0 0 0 0 0 0 0 0 0 0 0 0 0 8.89875193266198 0 0 0 0 0 0 0 0 3.523117291275412 0 0 0 0 0 0 0 0 0 0 0 0 0 0 0 0 0 0 8.455642852000892 0 0 0 0 0 0 0 0 0
0 0 8.098848759196699 0 0 0 0 0 0 0 0 0 0 0 0 0 0 0 0 0 0 0 0 0 0 0 0 0 0 0 0 0 0 0 7.938004505354911 7.911555719561875 0 0 0 0 0 0 0 0 0 0 0 1.0247435620985925 0 0 0 6.921769314445555 0 0 0 1.049491384997964 0 0 0 0 0 0 0 0 0 0 0 0 0 0 0 0 0 0 0 0 0 0 0 0 0 0 0 0 0 0 0 0 0 0 0 0 0 0 0 0 0 0 0 0
0 0 0 0 0 0 0 0 0 0 0 0 0 0 0 9.431574823334813 0 0 8.923638499341905 0 0 0 0 0 0 9.712958230171353 0 0 0 0 0 0 0 0 8.353711295872927 0 0 0 0 0 10.621318895369768 0 0 3.03977630706504 0 0 0 0 0 0 0 0 0 0 0 0 0 0 0 0 0 0 0 0 0 0 2.633862159214914 0 0 0 0 0 0 0 0 0 10.70853584818542 0 0 0 4.404751557391137 0 0 0 0 0 0 0 0 0 0 0 0 0 0 0 0 0 0 0
0 5.978909692727029 0 0 0 0 0 0 0 0 0 0 0 0 0 0 0 0 0 0 0 0 1.5425318493507802 0 0 0 5.613738521002233 0 0 5.765578687656671 0 0 0 0 0 0 0 0 0 0 0 0 1.414110745768994 1.4818178620189428 0 8.474128103349358 0 10.968616038095206 0 0 0 0 0 0 10.619393078610301 0 0 0 0 0 0 0 0 0 0 0 0 0 0 0 0 0 0 0 0 0 0 0 0 0 0 0 0 4.8441336969845 0 0 0 0 0 0 0 0 0 1.6473406334407628 0 0 0 0 0 0
0 0 0 0 2.7730912566184998 0 0 0 0 0 0 0 0 0 0 0 0 0 0 0 0 0 0 0 0 0 0 0 0 0 5.215489893686026 0 0 0 0 2.6744042630307376 10.328253723215312 3.8606097400188446 0 1.269600530155003 0 0 0 0 0 0 0 0 0 0 0 0 0 6.395857987459749 0 0 0 0 0 0 0 0 0 0 0 0 0 0 0 0 2.8337679165415466 0 9.937750016339123 0 0 0 4.162750347983092 0 0 0 0 0 0 0 0 0 0 0 0 0 0 0 0 0 0 0 0 0 0 0
0 0 0 2.1216468247585 0 1.4746761824935675 0 0 0 0 0 0 0 0 0 0 0 0 0 0 0 0 0 0 0 0 0 0 0 0 0 0 0 0 0 0 0 0 0 1.3991442592814565 0 0 0 0 0 0 0 7.401451337151229 0 4.88900329824537 0 0 0 0 8.853072595316917 0 1.1301905745640397 8.222521950025111 0 0 0 0 0 0 0 0 0 9.040878179017454 0 0 0 0 0 0 0 0 0 0 0 0 0 6.247449153102934 0 0 0 0 0 0 0 0 0 0 3.0068134809844196 0 0 0 0 0 0 0
