0.014874
0.15076
0.053602
0.38314
0.093543
0.28943
0.33721
0.34617
0.39413
0.5676
0.17033
0.60509
0.30516
0.25503
0.11802
0.21957
0.22891
0.064565
0.12953
0.4091
0.58107
0.16384
0.62499
0.52981
0.11399
0.36535
0.68187
0.9371
0.26507
0.20958
0.075644
0.14177
0.025585
0.43117
1
0.60173
0.87408
0.58029
0.70781
0.16539
0.12504
0.0090561
0.15438
0.043986
0.36294
0.092077
0.29505
0.27563
0.26868
0.38975
0.46413
0.17343
0.45757
0.20873
0.29113
0.078437
0.24232
0.078024
0.030225
0.070629
0.37314
0.55049
0.16752
0.55931
0.59056
0.11893
0.35577
0.64898
0.90747
0.19652
0.12424
0.18292
0.17021
0.04826
0.42505
0.91059
0.57362
0.86781
0.71273
0.70411
0.25653
0.14341
