3 33 13.272 0.49954
2 43 69.846 0.59167
2 25 7.8936 0.5088
2 29 18.188 0.56837
1 15 18.637 0.41778
1 12 10.587 0.40278
1 11 4.6629 0.16529
2 21 2.5739 0.44444
2 46 85.946 0.59074
3 28 15.667 0.47194
3 28 13.432 0.43878
3 30 10.151 0.46444
1 33 82.874 0.61708
2 42 35.835 0.5805
2 27 25.775 0.45816
1 18 41.802 0.61111
2 31 15.911 0.5744
1 9 3.2345 0.19753
2 26 10.291 0.42899
2 33 17.927 0.57117
3 26 5.5381 0.44675
2 38 29.768 0.56925
2 35 21.876 0.51592
2 29 32.034 0.47562
3 24 10.131 0.53125
3 37 27.924 0.54054
2 22 24.469 0.62397
1 46 109.7 0.63611
3 32 22.134 0.60352
3 30 13.009 0.55778
1 35 83.426 0.59429
3 32 22.022 0.50781
2 25 8.3908 0.3808
3 38 42.293 0.58864
3 34 26.504 0.54671
1 32 75.199 0.65039
3 27 20.508 0.53224
1 15 13.851 0.33778
3 26 6.13 0.5
2 21 2.2647 0.39002
1 14 17.45 0.33673
3 36 25.981 0.56944
3 38 38.196 0.59834
3 21 12.16 0.44444
2 42 41.339 0.55669
1 20 23.754 0.655
3 28 11.536 0.57143
2 30 15.307 0.55111
3 45 61.074 0.57679
3 35 52.867 0.60571
2 44 55.405 0.58781
2 31 18.797 0.51613
2 35 26.147 0.54857
1 11 4.6464 0.16529
3 43 48.9 0.57977
2 41 38.589 0.57585
2 29 10.641 0.5327
3 28 11.535 0.52296
