29.000 62.000 34.000
29.000 62.000 57.000
56.000 31.000 24.000
60.000 31.000 66.000
43.000 29.000 42.000
43.000 31.000 52.000
47.000 63.000 37.000
47.000 64.000 54.000
47.000 80.000 43.000
48.000 79.000 49.000
58.000 51.000 42.000
57.000 55.000 48.000
51.000 44.000 44.000
50.000 42.000 49.000
54.000 21.000 43.000
52.000 23.000 51.000
45.000 69.000 20.000
42.000 69.000 71.000
32.000 81.000 25.000
32.000 83.000 69.000
46.000 76.000 23.000
41.000 78.000 72.000
33.000 93.000 43.000
33.000 93.000 49.000
60.000 72.000 29.000
34.000 91.000 27.000
33.000 90.000 64.000
51.000 84.000 62.000
61.000 80.000 37.000
63.000 78.000 42.000
63.000 78.000 49.000
34.000 95.000 34.000
34.000 96.000 55.000
69.000 65.000 57.000
42.000 49.000 28.000
42.000 51.000 65.000
39.000 44.000 36.000
37.000 44.000 59.000
46.000 53.000 28.000
43.000 57.000 64.000
35.000 32.000 38.000
35.000 36.000 54.000
53.000 25.000 29.000
52.000 26.000 62.000
49.000 18.000 35.000
52.000 20.000 56.000
28.000 69.000 41.000
29.000 71.000 48.000
36.000 65.000 38.000
37.000 64.000 55.000
71.000 49.000 41.000
74.000 49.000 48.000
59.000 41.000 22.000
61.000 43.000 71.000
70.000 38.000 33.000
64.000 30.000 56.000
73.000 47.000 34.000
75.000 43.000 53.000
72.000 55.000 34.000
74.000 52.000 54.000
60.000 35.000 42.000
60.000 37.000 49.000
42.000 65.000 33.000
42.000 65.000 58.000
46.000 54.000 24.000
44.000 57.000 70.000
73.000 61.000 42.000
67.000 65.000 49.000
52.000 47.000 15.000
54.000 44.000 74.000
43.000 33.000 20.000
43.000 32.000 71.000
26.000 72.000 22.000
32.000 67.000 75.000
45.000 46.000 16.000
34.000 60.000 75.000
39.000 53.000 39.000
39.000 53.000 52.000
