-20.011703902855515 42.66400926280767 -17.50744280871004
7.433414948172867 -32.073836610652506 -27.960584918037057
4.92292505223304 8.473958144895732 37.006587348878384
-22.67048319336027 6.633752421475947 -49.57043414469808
-3.6598639329895377 49.798387358896434 3.705479670315981
-24.387858784757555 46.92680698353797 21.17903686594218
10.115131665952504 43.956526019610465 -6.8966279504820704
23.432509577833116 29.936462407931685 20.21726514212787
-26.86372676398605 0.1466926420107484 -2.5219335220754147
-12.873809924349189 47.72162586450577 -42.111652344465256
-15.67113334313035 -19.438805244863033 -38.29755466431379
44.843841809779406 -35.977561748586595 -19.84514370560646
38.03179252427071 -42.66894257161766 39.930445747449994
-24.522134545259178 35.87117507122457 -0.37617639172822237
-21.74036023207009 -21.577333053573966 16.285789548419416
-10.908872820436954 -39.67979825101793 21.682789991609752
-7.3723891749978065 33.68648823816329 7.735646772198379
29.306243848986924 -46.38997409492731 36.74555900506675
-42.248281044885516 32.77730164118111 1.2285176198929548
19.60775488987565 -11.888375668786466 -1.210444257594645
16.277083451859653 29.624608834274113 -21.628124406561255
-4.977008234709501 14.9777599144727 -11.291696853004396
-45.450209779664874 -27.28054467588663 -28.58542068861425
-46.00215693935752 36.27498000860214 -15.71203728672117
-40.68698198534548 -37.29131752625108 -30.859391181729734
31.45352005958557 -48.19283557590097 46.14077808801085
46.15766990464181 -25.26373618748039 -33.051850367337465
28.11045851558447 -26.7029749462381 -8.963427296839654
25.77905566431582 42.20281592570245 -13.4115238673985
48.43179555609822 -21.856593200936913 0.9691557614132762
27.607032260857522 3.8295125821605325 -2.0525312051177025
34.20025762170553 -19.393205363303423 0.7709643803536892
-48.22352258488536 -12.532377173192799 -29.76554175838828
-35.92007628176361 5.069571523927152 47.397743398323655
30.365424184128642 -42.431539366953075 29.630189179442823
-27.733983006328344 21.12651492934674 -45.817598048597574
-48.655997146852314 -38.64312858786434 -8.327273395843804
-5.170193198136985 24.66385185252875 32.270455616526306
-14.21204877551645 2.110480493865907 8.383284090086818
13.048090622760355 17.72575662471354 42.05273650586605
-39.27464180160314 26.826477819122374 34.33099819812924
-45.45108703896403 -14.728119294159114 -18.19109469652176
-33.55212598107755 6.251603085547686 -30.463073682039976
-3.550900472328067 8.377269189804792 1.4443920459598303
-7.969501195475459 -28.915756568312645 -10.704212705604732
34.438932267948985 -29.964090255089104 0.4955208161845803
-30.73020742740482 -19.664207729510963 -14.155599637888372
5.751195643097162 -48.93084429204464 23.45681202132255
-41.44270110409707 -44.75573699455708 -17.798924748785794
28.66719828452915 19.22498622443527 -9.751497535035014
42.4307820154354 -23.958206130191684 -11.662101931869984
-13.969367556273937 -8.120308420620859 43.19522569421679
-40.2005858020857 -44.88669510465115 44.05780164524913
-6.263009109534323 40.772477560676634 -28.10489812400192
38.87435309588909 41.45993476267904 -7.95741428155452
2.1855669794604182 -41.82710680179298 16.47030336316675
-15.089058829471469 6.107008783146739 -38.985624350607395
44.141680700704455 8.498742314986885 -12.018077168613672
-42.75264823809266 13.023051735945046 35.96011237241328
5.624526529572904 -18.605317967012525 -11.10549713484943
1.7245996743440628 48.80377342924476 -4.862698307260871
-2.2754485718905926 15.115913678891957 -6.994495913386345
-45.24481564294547 -12.031689775176346 -5.143543914891779
18.8534441171214 -31.882418040186167 14.130769786424935
12.370226182974875 -23.353758337907493 -25.338977901265025
-27.75481657590717 20.841825054958463 9.507453185506165
-33.2629487849772 13.56439464725554 5.186536884866655
-20.594971161335707 13.651498407125473 -23.166922270320356
-41.060427692718804 20.316120237112045 41.857114573940635
39.953367481939495 11.406010948121548 23.93268342129886
-41.22336246073246 -10.467073204927146 22.861756896600127
39.61646817624569 -46.37071918696165 -2.767178136855364
44.9626894434914 19.70180799253285 -21.650512609630823
7.131643895991147 19.491219031624496 -28.65754326339811
46.30920581985265 5.319199501536787 -45.590114733204246
-26.265355409123003 -33.411676017567515 35.097596887499094
48.7981382291764 -5.72705406229943 -1.3528702547773719
-40.60565617401153 24.77341666817665 3.356244647875428
-31.427761330269277 8.322322135791183 3.3583786571398377
-8.442585193552077 43.014595517888665 13.342928257770836
36.99049632996321 3.552800905890763 20.929019758477807
13.792848121374846 46.835743892006576 8.497655135579407
-11.277145566418767 27.88379774428904 -19.94162960909307
22.370570711791515 -21.72372662462294 -12.691714544780552
16.31828462705016 -30.720812524668872 49.75796875078231
-19.040801213122904 -39.77003861218691 -3.7383663933724165
49.403136456385255 -21.81886751204729 -38.48479122389108
-39.737106463871896 -31.344077526591718 9.605142939835787
13.121375883929431 38.61811545211822 30.854178383015096
-41.13498376682401 -12.889596074819565 34.469973063096404
47.177303745411336 -23.215574747882783 -12.207142752595246
37.084599933587015 -25.269899470731616 -45.59476112481207
-17.215803335420787 37.86726458929479 -13.198647764511406
-1.1372861685231328 36.473720613867044 -26.862382888793945
32.131125312298536 -31.943184952251613 17.319597280584276
11.590307904407382 19.097499107010663 -25.42394413612783
-29.214084311388433 19.73146682139486 8.174229366704822
48.80768789444119 -48.064020462334156 -38.11185492668301
-6.616336782462895 35.47521373257041 -20.954810921102762
-43.24103179387748 6.85376503970474 6.4392316387966275
-35.42136084288359 11.322767590172589 -9.941407665610313
1.30642456933856 10.948079475201666 32.30997687205672
-2.6851608185097575 -47.76496265549213 39.9955871514976
-42.92523970361799 18.522513401694596 -12.293833680450916
7.917629275470972 -9.46265619713813 39.011879614554346
22.63247580267489 26.48944326210767 -28.699782770127058
5.422831350006163 4.563822457566857 24.92147597949952
-15.592554002068937 29.60520361084491 39.46520439349115
4.3253009673208 42.47888536192477 32.77286160737276
-30.48490285873413 18.582899938337505 -8.407138148322701
-20.028785639442503 16.714149643667042 -7.236821670085192
-19.14942830335349 -8.772753062658012 -33.19360250607133
-25.9316896321252 -4.961927887052298 -11.091112089343369
-19.404915370978415 -31.782436347566545 19.370384025387466
-12.779869651421905 31.95088948123157 25.562091800384223
46.81318218354136 -0.9370184736326337 -42.99759303685278
14.21555916313082 49.96039893012494 -47.63595394324511
-7.0343513041734695 -5.3211052203550935 1.3715117936953902
-32.294565974734724 -18.810999393463135 -8.09218545909971
37.07219872158021 -44.23006963916123 -4.697726760059595
43.38109320960939 17.15550811495632 -11.427890183404088
6.617389596067369 -49.10447259899229 -12.627035262994468
-35.727441404014826 -23.753523151390254 -46.61064278334379
-39.523066813126206 45.55606620851904 11.59992553293705
19.446880277246237 -25.265342881903052 32.087764609605074
-1.829166105017066 -13.820488355122507 -36.7901680059731
27.846707426942885 12.761812750250101 -49.10023936536163
-28.402039827778935 49.38715372700244 -3.7210201611742377
-23.441387503407896 2.0733242155984044 18.05467561352998
-18.462324468418956 -21.597198583185673 -40.46311508864164
5.293713137507439 -9.64771150611341 9.386817994527519
-15.067180851474404 -10.678264196030796 5.945399310439825
45.99888196680695 2.472137613222003 45.19661380909383
-42.07153203897178 26.446891645900905 -16.825327486731112
0.654868665151298 -38.397623714990914 34.60584240965545
-11.3079815171659 -15.166412107646465 -4.6259606489911675
44.42281685769558 -19.914858625270426 -5.382869578897953
-2.6359409792348742 22.236621845513582 -37.982560344971716
23.697920003905892 8.401912380941212 49.126901384443045
1.9219146808609366 14.371830387972295 -31.49851132184267
45.81931736320257 -26.68594610877335 26.0471893241629
-20.63137434888631 -13.377056829631329 -36.087377183139324
-16.69746250845492 -5.574546940624714 31.78772192914039
-16.196687100455165 36.90332237165421 -0.2467033453285694
17.030249536037445 -6.893408112227917 -28.95306556019932
29.3130757054314 -46.43717450089753 -16.11294294707477
28.520097443833947 -48.93568200059235 47.184908809140325
-8.604268776252866 38.842935184948146 -3.4059481462463737
41.04659070726484 24.769240873865783 43.284868728369474
-7.967835967428982 10.10693577118218 -29.13087906781584
15.132853342220187 -11.754868365824223 18.578121066093445
14.211601484566927 -15.633327863179147 -16.153103136457503
-5.8189577190205455 30.082012596540153 25.772062852047384
15.387043938972056 -2.2137573454529047 48.662664042785764
35.475771385245025 -5.745442886836827 -35.15639996621758
-32.522592321038246 44.401348545216024 -12.752356985583901
34.04613302554935 -1.008564350195229 -12.043277244083583
14.446563017554581 12.72803251631558 41.95720755960792
-46.369751007296145 25.38845520466566 -11.056124907918274
21.71112287323922 -4.288499336689711 34.63125936686993
38.261719420552254 26.569484872743487 6.203669309616089
5.705537856556475 31.32241377606988 -4.13002478890121
-1.5185347758233547 -38.93002946861088 32.46002474334091
7.241193251684308 15.21287385839969 28.85527138132602
12.233495758846402 32.16484854929149 -15.932679479010403
-3.4870693925768137 -32.1371934376657 13.547345413826406
2.8686964651569724 -10.715953586623073 -49.39823860768229
0.3775520483031869 45.53022002801299 -45.118837407790124
-41.63144817575812 24.93934817612171 1.8380917143076658
-5.421059834770858 15.55916047655046 -29.495366755872965
41.36117061134428 -15.019354992546141 -49.02218028437346
-32.95388570986688 -17.683497304096818 -4.715569573454559
20.545652182772756 -21.40454037580639 36.72948002349585
-10.490064672194421 31.63430525455624 3.78008047118783
18.683861708268523 16.78526431787759 -3.540468169376254
13.958461629226804 11.356138391420245 8.89742432627827
-12.999045383185148 -32.59956531692296 -25.082622258923948
-8.349757175892591 -14.113524788990617 -20.81035482697189
29.206323972903192 29.99080999288708 -15.289241494610906
5.808710213750601 -31.31349445320666 -27.63276200275868
20.125284395180643 6.602389668114483 -15.540458564646542
-40.0394411990419 27.671976713463664 -24.454500898718834
43.00900378730148 -1.109017338603735 -25.341985397972167
23.342246026732028 1.6782597173005342 5.421751807443798
12.919765966944396 5.936540896072984 -12.578305741772056
-40.213760384358466 -7.834821497090161 -19.355818978510797
49.48527798987925 -40.4896397376433 29.640709096565843
-34.61881673429161 -11.194741260260344 1.6477635828778148
45.68885362241417 16.436011530458927 3.7335804430767894
-38.356633903458714 -21.733137569390237 -21.978988661430776
-46.772980876266956 17.224427848123014 1.7906659515574574
39.597570640034974 -9.817778202705085 37.524992506951094
26.23904028441757 -36.503627570346 -16.46413947455585
3.5845069447532296 -16.033849003724754 -27.115099877119064
-49.239979311823845 -42.92811576742679 38.94865720067173
-14.549902151338756 23.884623497724533 -1.2250597821548581
-21.48451404646039 -27.373865502886474 -0.1983747584745288
-47.79397803358734 17.958425264805555 34.58815412595868
-25.942819216288626 21.105648926459253 -30.488128284923732
-39.6510488120839 39.01716640684754 24.373922497034073
