0.2364 0.0039 24.0000 4.0000
0.7877 0.0072 202.0000 2.0000
0.3697 0.0043 28.0000 1.0000
0.4331 0.0045 190.0000 1.0000
0.5957 0.0052 136.0000 1.0000
0.6438 0.0044 106.0000 1.0000
0.6949 0.0047 542.0000 1.0000
0.5882 0.0036 148.0000 4.0000
0.9253 0.0062 348.0000 1.0000
0.6610 0.0052 76.0000 1.0000
0.5847 0.0055 164.0000 1.0000
0.4381 0.0041 186.0000 4.0000
0.5370 0.0053 402.0000 1.0000
0.4915 0.0064 18.0000 1.0000
0.4519 0.0062 0.0000 4.0000
0.5598 0.0074 54.0000 2.0000
0.4029 0.0066 8.0000 2.0000
0.5804 0.0069 0.0000 2.0000
0.3881 0.0051 12.0000 1.0000
1.0211 0.0067 162.0000 1.0000
0.3715 0.0030 34.0000 4.0000
1.3027 0.0075 182.0000 1.0000
0.6162 0.0037 162.0000 4.0000
0.1782 0.0029 392.0000 4.0000
0.8238 0.0060 374.0000 2.0000
1.0230 0.0058 890.0000 2.0000
1.3721 0.0065 72.0000 1.0000
0.5966 0.0043 366.0000 1.0000
0.5812 0.0045 642.0000 1.0000
0.2470 0.0045 0.0000 2.0000
0.4111 0.0068 0.0000 1.0000
0.0687 0.0042 8.0000 1.0000
0.8253 0.0047 112.0000 1.0000
1.7598 0.0068 26.0000 1.0000
1.8939 0.0089 0.0000 2.0000
1.7221 0.0064 0.0000 1.0000
0.7763 0.0060 178.0000 1.0000
1.2227 0.0067 116.0000 1.0000
0.3386 0.0039 0.0000 1.0000
0.2139 0.0030 250.0000 4.0000
0.2887 0.0030 98.0000 4.0000
0.6628 0.0068 122.0000 2.0000
0.5070 0.0052 0.0000 3.0000
0.4091 0.0061 168.0000 3.0000
0.6353 0.0046 624.0000 3.0000
0.6025 0.0035 1220.0000 3.0000
0.6161 0.0046 174.0000 3.0000
0.8385 0.0049 18.0000 4.0000
0.8576 0.0060 1324.0000 3.0000
0.5403 0.0040 824.0000 2.0000
0.6596 0.0068 78.0000 3.0000
0.5654 0.0052 76.0000 2.0000
0.4706 0.0047 308.0000 3.0000
0.4451 0.0059 162.0000 3.0000
0.6324 0.0072 240.0000 4.0000
0.4808 0.0073 22.0000 2.0000
0.5031 0.0064 0.0000 2.0000
0.5062 0.0070 52.0000 2.0000
0.5892 0.0067 0.0000 3.0000
0.9671 0.0072 148.0000 3.0000
0.4580 0.0040 76.0000 4.0000
1.1632 0.0066 780.0000 2.0000
0.7881 0.0045 52.0000 4.0000
0.2908 0.0033 6.0000 4.0000
0.7631 0.0057 316.0000 2.0000
1.0670 0.0060 4.0000 2.0000
1.3887 0.0066 94.0000 3.0000
0.5691 0.0045 68.0000 3.0000
0.4691 0.0046 200.0000 3.0000
0.4172 0.0048 36.0000 2.0000
0.4417 0.0077 0.0000 3.0000
0.0856 0.0050 4.0000 3.0000
0.6536 0.0041 278.0000 3.0000
1.9810 0.0074 56.0000 2.0000
1.9169 0.0083 2.0000 2.0000
1.7221 0.0071 4.0000 3.0000
0.5688 0.0048 92.0000 3.0000
1.0652 0.0059 0.0000 3.0000
0.4294 0.0049 14.0000 3.0000
0.2109 0.0037 2.0000 2.0000
