0.8646048330701888 -0.08062055287882686 -0.1997688957490027
0.8844745284877717 0.04202813608571887 -0.8121831086464226
-0.5859879469498992 -0.5018990552052855 -0.550709368661046
-0.348434351850301 0.5753927500918508 -0.7478875578381121
0.899417279753834 -0.49510173639282584 0.5596781512722373
-0.1576783754862845 0.3807056490331888 0.8248731773346663
-0.4012163719162345 -0.9474097369238734 -0.7856347933411598
-0.15641292370855808 0.5700795948505402 -0.435423880815506
0.7227290770970285 -0.2520209839567542 -0.8915751734748483
-0.3703885469585657 0.8648555781692266 0.1959688551723957
0.5522800693288445 0.876321685500443 -0.6629903283901513
-0.27255040500313044 0.9713172763586044 -0.01791039202362299
0.5562052619643509 -0.7528320816345513 -0.24343328224495053
-0.13213314302265644 0.7038657627999783 -0.21193403797224164
0.10799753619357944 -0.06261366931721568 0.22889569913968444
-0.0026232581585645676 0.018152444623410702 0.11218033544719219
-0.6175426784902811 0.8125680726952851 -0.4193273903802037
0.7616855665110052 -0.15164838079363108 0.8319673133082688
-0.8938744305633008 0.6604523374699056 0.5984714576043189
-0.4949937593191862 0.6778052975423634 -0.20982035715132952
0.06681042863056064 -0.3249080562964082 0.9741014982573688
0.03879545070230961 0.8878976865671575 -0.2663536239415407
-0.9049324495717883 -0.8256557644344866 -0.049025390297174454
0.8252348490059376 0.0833384171128273 -0.36466497322544456
0.026455354411154985 -0.32434740103781223 0.8671755860559642
0.026272227987647057 0.7131461296230555 -0.8978317091241479
-0.9023927804082632 0.6698313541710377 0.06754371104761958
-0.8773330519907176 0.6758582796901464 0.4701260984875262
-0.21602576738223433 0.3126210970804095 -0.7586310598999262
-0.854494440369308 0.022063408512622118 0.30748995393514633
0.8679133425466716 -0.5943521405570209 -0.8032453581690788
0.456879963632673 0.5764102186076343 -0.3686671112664044
0.08169814245775342 0.14458467112854123 -0.25374105339869857
0.13637139555066824 -0.35839885100722313 0.8385750064626336
0.4495663968846202 0.9724347833544016 -0.010880006477236748
-0.8901524771936238 -0.4431307567283511 -0.8876803289167583
0.006725854240357876 0.08192123705521226 0.09947262983769178
0.5035127867013216 -0.42084419913589954 -0.834947966504842
0.813644546084106 0.778979058843106 0.16905917646363378
-0.7759046065621078 -0.325285357888788 0.13946801098063588
-0.254446177277714 -0.5203844718635082 0.6501783533021808
-0.17672583041712642 -0.9391440944746137 0.3889973405748606
0.27295322017744184 0.6565461736172438 0.48980257427319884
0.12804914359003305 -0.36716887494549155 0.9197360347025096
-0.4861336606554687 0.3334551346488297 0.9754744549281895
0.9803577330894768 -0.8058993839658797 -0.9800495798699558
0.3548870552331209 -0.8976055136881769 -0.5990933962166309
0.8748762612231076 0.6091105309315026 -0.4050398892723024
0.21425037272274494 -0.20815976848825812 0.20205079391598701
-0.24674819177016616 0.15529069444164634 0.7873039441183209
0.2012446983717382 -0.2789166746661067 0.21063157264143229
0.3489623311907053 0.6849839901551604 -0.6731371809728444
0.44757203524932265 0.7914671744219959 -0.8868078822270036
0.3031204934231937 -0.06527780974283814 -0.1378444777801633
-0.14048150787129998 -0.030625747051090002 0.8036052896641195
-0.026048331055790186 -0.4018841157667339 -0.736381490714848
0.06801749765872955 0.9892842071130872 -0.3878207658417523
0.6496364013291895 -0.044409120455384254 0.3161350982263684
-0.8845171588473022 -0.5602719145826995 -0.6762944865040481
-0.5689024035818875 -0.3346504378132522 -0.7247773325070739
-0.8253679783083498 -0.497134807985276 -0.7803848353214562
0.6073351390659809 -0.7738870191387832 0.11061151139438152
-0.897268891800195 -0.6137545830570161 0.763623324688524
-0.9903131206519902 -0.09125571185722947 -0.7410470037721097
-0.032020177226513624 -0.672290965449065 -0.3431761031970382
-0.8181486264802516 -0.537437389139086 0.9154394501820207
0.4345659432001412 0.27945242123678327 -0.131523912306875
-0.14763081213459373 -0.7831432605162263 0.6323880520649254
0.9657663702964783 0.08885058667510748 -0.7340121874585748
0.5708752311766148 -0.2882947791367769 -0.6089035314507782
0.41803526086732745 0.184617028106004 -0.256915426813066
0.9232766814529896 -0.6288939132355154 0.34943492570891976
-0.742269185371697 0.07994033955037594 0.12835273006930947
-0.9776268526911736 0.6304453113116324 -0.30257452512159944
-0.1010614912956953 0.8237052862532437 0.5574082597158849
-0.5119952140375972 -0.3628998245112598 -0.22389401216059923
0.12359503889456391 -0.8973969761282206 -0.8111156965605915
0.4136812249198556 -0.5541840130463243 -0.8229834595695138
0.4678755411878228 0.6544707235880196 -0.8723630392923951
0.5251190331764519 0.8760022865608335 -0.7230166960507631
-0.5788555787876248 0.27691110130399466 -0.6298119919374585
-0.33534218464046717 0.6031287144869566 -0.5834406623616815
-0.4432746605016291 0.4455450470559299 -0.010834170505404472
-0.4848901554942131 0.6369351670145988 -0.967600085772574
-0.7535593407228589 0.13178554503247142 0.9692920679226518
-0.7722051301971078 0.47294451761990786 0.006947807502001524
0.30787943908944726 0.01675419183447957 -0.5628497353754938
0.8019561688415706 0.11499678948894143 0.7696578428149223
0.15611820900812745 -0.07679898897185922 0.38428950496017933
-0.2255143248476088 -0.8331358139403164 -0.6689384113997221
-0.038072245195508 0.4016414750367403 0.31687096413224936
0.44376667123287916 0.284846899099648 0.7118364027701318
-0.4866798324510455 0.37209421023726463 -0.4310305300168693
-0.6485711233690381 -0.922754380851984 -0.2662897454574704
-0.30260225711390376 -0.8979872027412057 0.0669974205084145
0.7871549525298178 -0.5741931786760688 0.3276179530657828
-0.14304445777088404 -0.1220517260953784 0.3080438179895282
0.7324402001686394 0.9262593239545822 -0.43398379208520055
0.6816198281012475 0.5859605851583183 -0.08424240443855524
0.24595688795670867 -0.4289061934687197 -0.16704795276746154
