title
0.09048015740700066
0.40532464743591845
0.9303261041641235
0.6568849934265018
0.7232024830300361
0.3019705475308001
0.468841009773314
0.021149368258193135
0.4397137656342238
0.02263266104273498
0.11796434270218015
0.652663276065141
0.2925779311917722
0.25310626020655036
0.42904113326221704
0.5052756054792553
0.033040494192391634
0.7650823285803199
0.3236643804702908
0.695259646512568
0.4729603216983378
0.41066482476890087
0.3261363017372787
0.16653856728225946
0.705385428853333
0.10672068851999938
0.3551361949648708
0.07837768131867051
0.09331530635245144
0.3557034230325371
0.25397036923095584
0.1280107342172414
0.01771746319718659
0.4448671471327543
0.7357784498017281
0.9391811729874462
0.5901658691000193
0.9186306651681662
0.9689084759447724
0.5663878447376192
0.02102570957504213
0.9905194099992514
0.8836431335657835
0.23813943122513592
0.702890990767628
0.007411805214360356
0.6246321720536798
0.8741413555108011
0.7402237879578024
0.3911456405185163
0.5263400406111032
0.9577724493574351
0.6237977968994528
0.2793303045909852
0.4445090591907501
0.4800782238598913
0.8208360716234893
0.720394283067435
0.725735834101215
0.9886928030755371
0.06360495067201555
0.9553598100319505
0.028180498396977782
0.12691646232269704
0.14724920014850795
0.903991705738008
0.010846932651475072
0.5810484839603305
0.1438835053704679
0.2283080688212067
0.324678348377347
0.980352011276409
0.7399512249976397
0.4682809852529317
0.2374746836721897
0.7586355502717197
0.005853177281096578
0.5781355923973024
0.5953613163437694
0.35872265649959445
0.8650551566388458
0.9730808362364769
0.6583075022790581
0.32075161044485867
0.11873517651110888
0.7655896611977369
0.4260616765823215
0.9986422301735729
0.6318963074591011
0.10204116487875581
0.8743284845259041
0.8978463758248836
0.3391369762830436
0.6993791789282113
0.7585243675857782
0.20711288531310856
0.35770319029688835
0.3254700743127614
0.32197985192760825
0.3115676010493189