1 2 8 8 0 10.19 0 -0.20755
0 1 38 38 0 1792.7 0.39889 2.9128
0 2 30 30 0 1397.8 0.62444 1.1363
0 2 9 9 0 67.04 0.64198 -0.68376
0 1 2 2 0 8.205 0.5 -1.5926
0 1 2 2 0 0 0 -0.63653
0 1 9 9 0 364.63 0.66667 -0.4191
0 2 9 9 0 40.034 0.61728 0.02735
0 1 4 4 0 49.56 0 -0.38093
0 1 15 15 0 390.74 0.43556 0.3684
0 1 10 10 0 83.82 0 1.2618
0 2 7 7 0 6.3011 0 -0.39953
0 1 14 14 0 940.5 0.13265 2.0832
0 2 9 9 0 152.1 0.19753 0.71424
0 1 1 1 0 0 0 -1.2023
0 2 8 8 0 8.8796 0 -0.20755
0 1 3 3 0 0 0 -0.65472
0 1 7 7 0 7.4651 0.2449 0.18754
0 1 6 6 0 743.94 0.72222 -0.92852
1 2 16 16 0 280.61 0.49219 0.3684
1 1 15 15 0 513.58 0.42667 0.54659
0 1 5 5 0 292.4 0.56 -1.1675
0 2 4 4 0 6.0083 0.375 -0.50508
0 1 6 6 0 2.8369 0 0.16666
0 1 33 33 0 815.94 0.3067 2.6499
1 1 22 22 0 817.39 0.55372 0.94096
1 2 9 9 0 122.19 0.49383 0.75438
0 2 8 8 0 85.269 0.53125 -0.24216
0 1 4 4 0 33.076 0.375 -0.50508
0 1 2 2 0 3.9176 0.5 -1.0314
0 1 6 6 0 12.283 0.5 -0.54385
0 1 3 3 0 0 0 -0.50508
0 2 9 9 0 23.626 0.61728 0.02735
0 2 7 7 0 40.702 0.40816 -0.056261
0 1 0 0 0 0 0 0
0 1 4 4 0 0.13333 0 -0.37362
0 1 3 3 0 1.1818 0 -0.65472
0 1 7 7 0 51.923 0.69388 -0.50508
0 1 1 1 0 0 0 -1.2023
0 1 12 12 0 60.154 0.44444 -0.20755
0 1 14 14 0 376.73 0.2551 0.56038
0 2 18 18 0 376.09 0.66667 0.3829
1 2 13 13 0 132.64 0.26036 0.3684
0 1 1 1 0 0 0 -1.3949
0 1 14 14 0 1623.5 0.13265 2.0832
0 1 8 8 0 99.111 0.71875 -1.3594
1 2 17 17 0 160.8 0.45675 0.56038
0 2 4 4 0 0 0 -0.38093
0 2 8 8 0 70.397 0 -0.20755
1 2 20 20 0 310.84 0.465 0.94434
0 1 18 18 0 291.26 0.62346 0.91893
0 1 4 4 0 10.645 0.375 -0.54385
1 2 26 26 0 996.48 0.65385 2.1607
0 2 5 5 0 14.286 0.48 -0.4191
0 1 7 7 0 19.838 0.2449 -0.1107
0 2 1 1 0 0 0 -1.5514
0 1 1 1 0 0 0 -1.0314
0 1 7 7 0 25.781 0.61224 -0.50508
0 2 5 5 0 22.304 0.48 -1.0393
1 2 19 19 0 372.47 0.19391 1.5203
0 1 0 0 0 0 0 0
0 2 13 13 0 375.66 0 0.75236
0 1 2 2 0 0 0 -0.63653
0 2 7 7 0 84.164 0.40816 -0.24216
0 1 23 23 0 868.54 0.71456 1.1627
0 2 6 6 0 7.4452 0.27778 -0.24216
0 1 7 7 0 198.35 0.61224 -0.4191
0 1 7 7 0 28.025 0.2449 -0.1107
0 1 7 7 0 23.166 0.4898 -0.68376
0 2 3 3 0 17.143 0.44444 -1.3594
0 1 1 1 0 0 0 -1.0314
1 1 22 22 0 1053.9 0.78099 0.02735
1 1 9 9 0 56.57 0.37037 0.43133
0 1 3 3 0 8.8165 0.44444 -0.63653
0 2 14 14 0 207.92 0.54082 0.91893
0 1 8 8 0 33.339 0.21875 0.020757
0 1 7 7 0 36.087 0.4898 -0.37362
0 1 5 5 0 0.59175 0 -0.24216
0 1 8 8 0 56.551 0.65625 -0.30006
1 2 7 7 0 245.98 0.44898 0.75438
0 1 2 2 0 102.91 0.5 -1.2023
0 1 5 5 0 1025 0.8 -1.0314
0 1 8 8 0 962.22 0.40625 0.16666
1 1 39 39 0 1421 0.37344 3.0443
0 1 1 1 0 0 0 -0.76799
0 1 2 2 0 0 0 -0.92852
0 2 7 7 0 9.9096 0.4898 -0.97547
0 2 5 5 0 6.0209 0.32 -0.37362
0 2 8 8 0 8.1263 0 -0.20755
0 2 0 0 0 0 0 0
0 2 6 6 0 19.488 0.61111 -0.68376
1 2 15 15 0 168.68 0.24 0.75236
0 2 28 28 0 495.42 0.55867 1.2039
1 1 23 23 0 570.53 0.63138 1.4065
0 2 14 14 0 936.76 0.71429 1.3411
1 1 11 11 0 257.78 0.71074 -0.30006
0 1 2 2 0 0 0 -0.78765
0 1 9 9 0 72.868 0 0.98804
0 2 5 5 0 18.385 0.64 -1.3594
0 1 2 2 0 0 0 -0.63653
0 2 5 5 0 2.1331 0.48 -0.50508
0 2 16 16 0 142.41 0.53906 1.4496
0 1 3 3 0 0.51671 0 -0.54385
0 2 14 14 0 449.93 0.33673 0.3684
0 1 5 5 0 0.79881 0.32 -0.30006
0 2 1 1 0 0 0 -1.5514
0 2 5 5 0 3.2276 0.32 -0.37362
0 1 9 9 0 211.49 0.19753 0.71424
0 1 8 8 0 35.792 0.625 -0.37362
0 1 13 13 0 239.83 0.57988 0.67513
0 1 11 11 0 210.68 0.69421 -0.056261
0 1 4 4 0 13.892 0.375 -0.50508
0 1 11 11 0 597.04 0.61157 -0.1107
0 1 13 13 0 769.55 0.56805 0.67513
0 2 35 35 0 1466.9 0.5502 2.4802
0 2 4 4 0 1.4229 0 -0.97547
0 1 4 4 0 69.236 0 -0.38093
1 1 8 8 0 86.378 0.65625 -0.54385
0 1 3 3 0 0 0.44444 -0.78765
1 2 12 12 0 75.279 0.15278 0.3684
0 2 3 3 0 0 0 -1.1675
0 1 4 4 0 138.34 0.375 -0.50508
0 2 26 26 0 746.75 0.68343 0.3684
1 1 41 41 0 3081.6 0.68531 3.3569
0 1 24 24 0 1080.2 0.47222 1.5203
0 1 3 3 0 2.587 0.44444 -0.63653
0 2 12 12 0 70.714 0.15278 0.3684
0 2 4 4 0 37.399 0.375 -0.50508
0 2 9 9 0 35.985 0.37037 -0.39953
0 1 2 2 0 0 0 -0.92852
0 2 4 4 0 12.222 0.375 -0.50508
0 2 8 8 0 28.623 0.625 -0.3282
0 1 4 4 0 35.823 0.5 -0.78765
0 1 10 10 0 16.085 0.48 -0.59151
0 1 3 3 0 10.985 0 -0.65472
0 2 16 16 0 166.75 0.11719 1.1363
1 1 6 6 0 29.601 0 0.16666
1 1 7 7 0 146.52 0.2449 0.16666
0 1 3 3 0 9.026 0.44444 -0.63653
0 2 15 15 0 316.98 0.48 0.17641
0 2 17 17 0 232.6 0.21453 1.1363
1 2 9 9 0 17.557 0.37037 0.73846
1 1 12 12 0 980.89 0.40278 0.98804
0 1 9 9 0 203.4 0.61728 -0.24216
0 1 6 6 0 31.481 0.27778 -0.056261
1 2 20 20 0 214.12 0 1.7297
0 1 0 0 0 0 0 0
0 2 3 3 0 11.521 0.44444 -1.3594
