1 2 2 29 0.64923 -0.83701 0.42806 -0.32715
0 1 3 87 0.62597 1.9842 0.47087 1.9641
0 2 2 78 0.6762 0.96256 0.49869 0.95629
0 2 4 63 0.65608 1.1572 0.46359 1.1828
0 1 1 24 0.64236 -0.85995 0.41319 -0.23655
0 1 3 13 0.54438 -0.90708 0.42604 -0.71237
0 1 1 25 0.6592 -0.58199 0.48 -0.35551
0 2 4 22 0.69008 -0.55038 0.49587 -0.93113
0 1 1 11 0.39669 -0.58199 0.16529 -0.65289
0 1 2 59 0.61419 1.0625 0.3792 -0.35551
0 1 1 32 0.48633 1.3638 0.30469 0.29873
0 2 2 24 0.49653 -0.63705 0.375 -0.47815
0 1 1 31 0.37461 1.6417 0.22477 0.35821
0 2 1 27 0.26063 1.5027 0.34568 -1.3841
0 1 3 20 0.645 -0.75881 0.375 -0.35551
0 2 2 28 0.25765 0.16275 0.33673 -0.17616
0 1 1 15 0.52444 -0.44301 0.32 -0.53394
0 1 3 27 0.60631 -0.46226 0.46639 -0.23655
0 1 1 19 0.57618 -0.72097 0.18837 -0.23655
1 2 2 104 0.70044 1.5624 0.49982 2.1642
1 1 3 67 0.63132 1.0946 0.46781 1.2504
0 1 2 26 0.52959 -0.53708 0.35503 -0.8908
0 2 3 15 0.63111 -0.98122 0.49778 -1.3086
0 1 1 10 0 -0.30402 0.32 -0.77184
0 1 3 82 0.58328 2.0584 0.41404 2.202
1 1 3 88 0.61648 2.1325 0.43388 2.3209
1 2 2 56 0.67283 0.3627 0.4898 0.57881
0 2 4 15 0.60444 -0.55038 0.49778 -1.2331
0 1 3 11 0.42975 -0.90708 0.29752 -0.71237
0 1 1 5 0.48 -1.4159 0 -0.95027
0 1 1 20 0.655 -0.99894 0.48 -0.53394
0 1 3 14 0.58163 -0.90708 0.4898 -0.77184
0 2 4 31 0.69303 -0.55038 0.45786 -0.32715
0 2 2 33 0.65932 -0.73703 0.49954 -0.55364
0 1 1 2 0 -1.4159 0 -1.1287
0 1 3 13 0.35503 -0.75881 0.47337 -0.77184
0 1 1 11 0.39669 -0.58199 0.16529 -0.65289
0 1 3 41 0.69244 -0.31399 0.4997 -0.058125
0 1 1 10 0.42 -0.72097 0.32 -0.77184
0 1 2 32 0.63672 -0.73703 0.49219 -0.41498
0 1 2 35 0.59102 -0.23715 0.43102 -0.59341
0 2 4 83 0.67905 1.6229 0.48367 1.8623
1 2 2 39 0.54569 0.26273 0.405 0.27682
0 1 2 15 0.50667 -1.2369 0.39111 -1.0097
0 1 1 52 0.59985 2.0587 0.20414 1.4883
0 1 4 30 0.72667 -0.55038 0.49778 -0.29603
1 2 2 44 0.68079 -0.23715 0.4907 0.050331
0 2 1 13 0.26036 -0.16504 0.42604 -1.5351
0 2 2 42 0.35941 1.0625 0.33673 0.6543
1 2 2 53 0.62941 0.56265 0.49555 0.35232
0 1 3 54 0.58162 0.87219 0.38409 1.1314
0 1 3 21 0.49887 -0.46226 0.4898 -0.53394
1 2 4 80 0.67844 1.4677 0.48469 1.7113
0 2 2 22 0.60744 -1.037 0.39669 -0.62914
0 1 4 18 0.62346 -0.70561 0.49383 -0.65289
0 2 2 1 0 -2.1367 0 -1.7616
0 1 3 12 0.51389 -0.90708 0.15278 -0.59341
0 1 3 21 0.49433 -0.46226 0.44444 -0.41498
0 2 2 26 0.65976 -1.037 0.39349 -0.40265
1 2 2 60 0.53 1.6624 0.44444 1.1828
0 1 1 6 0.61111 -1.4159 0.44444 -1.0097
0 2 2 49 0.52895 0.96256 0.42482 0.7298
0 1 3 20 0.61 -0.68467 0.48 -0.53394
0 2 4 24 0.68403 -0.70561 0.49653 -0.85563
0 1 3 101 0.67974 1.9842 0.46427 2.5588
0 2 4 19 0.65928 -0.55038 0.48753 -1.0066
0 1 3 24 0.63542 -0.61054 0.375 -0.17708
0 1 3 22 0.59091 -0.61054 0.49587 -0.53394
0 1 3 22 0.54545 -0.5364 0.48347 -0.47446
0 2 2 34 0.55363 -0.13718 0.49308 -0.40265
0 1 3 21 0.63946 -0.68467 0.44444 -0.41498
1 1 1 84 0.71995 0.52987 0.47704 1.7856
1 1 3 66 0.64417 1.0205 0.39669 1.6072
0 1 3 12 0.29167 -0.75881 0.15278 -0.59341
0 2 3 69 0.68263 0.72392 0.48225 0.27682
0 1 3 26 0.61834 -0.46226 0.48817 -0.35551
0 1 3 21 0.47166 -0.46226 0.47166 -0.47446
0 1 3 21 0.44898 -0.38813 0.44444 -0.41498
0 1 3 34 0.67128 -0.38813 0.48443 -0.058125
1 2 1 45 0.66074 0.25191 0.49778 -0.025166
0 1 3 16 0.53906 -0.75881 0.21875 -0.41498
0 1 1 40 0.69625 -0.72097 0.49875 0.0013517
0 1 1 19 0.52078 -0.026059 0.38781 -0.41498
1 1 3 81 0.61698 1.7618 0.44444 1.9641
0 1 3 15 0.43556 -0.68467 0.32 -0.53394
0 1 1 20 0.655 -0.44301 0.455 -0.47446
0 2 2 24 0.53819 -0.73703 0.27778 -0.32715
0 2 4 19 0.65928 -0.55038 0.49861 -1.0821
0 2 2 23 0.46125 -0.63705 0.15879 -0.25166
0 2 2 4 0.625 -2.0367 0.5 -1.6861
0 2 4 23 0.66541 -0.55038 0.42344 -0.62914
1 2 2 35 0.41959 0.3627 0.38204 0.12583
0 2 4 86 0.68145 1.4677 0.49757 1.6358
1 1 2 79 0.68162 0.66263 0.48197 1.5477
0 2 1 56 0.66901 1.0858 0.49745 0.12583
1 1 3 79 0.65374 1.4653 0.37814 2.2615
0 1 3 12 0.54167 -0.98122 0.44444 -0.77184
0 1 1 22 0.3843 0.66885 0.43388 -0.35551
0 2 2 33 0.65381 -0.63705 0.46281 -0.25166
0 1 3 16 0.53906 -0.75881 0.46875 -0.65289
0 2 4 18 0.64815 -0.55038 0.49383 -1.0821
0 2 4 59 0.65958 1.3124 0.49871 0.27682
0 1 3 24 0.65278 -0.61054 0.44444 -0.29603
0 2 2 35 0.29714 0.66263 0.2449 0.42781
0 1 1 25 0.688 -0.58199 0.48 -0.35551
0 2 2 25 0.5376 -0.63705 0.3648 -0.40265
0 2 4 16 0.66406 -0.86084 0.5 -1.2331
0 1 1 30 0.37111 1.5027 0.32 0.17978
0 1 3 23 0.59735 -0.5364 0.42344 -0.29603
0 1 3 62 0.6821 0.64978 0.44797 1.1909
0 1 3 80 0.70031 1.0946 0.43875 1.9641
0 1 3 12 0.40278 -0.83294 0.44444 -0.77184
0 1 4 30 0.72222 -0.55038 0.49778 -0.29603
0 1 3 58 0.54756 1.1687 0.28537 1.6072
0 2 2 82 0.66835 1.4624 0.49732 1.0318
0 2 2 23 0.37051 -0.4371 0.38563 -0.55364
0 1 1 50 0.6744 1.0858 0.32 1.1314
1 1 3 58 0.56064 1.1687 0.44055 1.0719
0 1 2 17 0.58824 -1.3369 0.49827 -0.77184
1 2 2 52 0.56805 0.96256 0.4105 0.95629
0 2 2 26 0.5355 -0.63705 0.35503 -0.32715
0 1 3 20 0.635 -0.75881 0.495 -0.59341
0 2 4 109 0.67419 1.6229 0.49794 2.0132
1 1 3 95 0.64709 1.9101 0.38781 2.9157
0 1 2 84 0.66808 1.6624 0.4898 0.8935
0 1 3 28 0.65051 -0.46226 0.4898 -0.29603
0 2 2 57 0.56571 1.2625 0.41859 1.1828
0 2 4 18 0.66667 -0.70561 0.44444 -0.93113
0 2 2 31 0.60978 -0.53708 0.34964 -0.025166
0 1 1 8 0.40625 -0.85995 0.5 -1.0097
0 2 3 20 0.415 -0.38813 0.42 -1.3841
0 2 4 21 0.69388 -0.55038 0.40816 -0.70464
0 1 3 27 0.62003 -0.5364 0.46639 -0.23655
0 1 2 31 0.57856 -0.4371 0.43704 -0.65289
0 1 1 9 0.19753 -0.58199 0.19753 -0.77184
0 2 2 65 0.64142 1.0625 0.48 1.1073
1 1 1 15 0.24 0.11292 0.32 -0.53394
1 1 1 15 0.23111 0.11292 0.48 -0.71237
0 1 3 21 0.60771 -0.68467 0.4898 -0.71237
0 2 2 71 0.67566 0.86258 0.49911 0.95629
0 2 2 68 0.65701 1.0625 0.44766 1.5603
1 2 4 61 0.69067 1.1572 0.46117 1.1073
1 1 1 49 0.64223 1.5027 0.32486 1.0719
0 1 3 28 0.66071 -0.46226 0.4898 -0.29603
0 1 3 28 0.58929 -0.31399 0.40816 -0.058125
1 2 3 67 0.61439 1.0946 0.49098 0.35232
0 1 4 3 0.44444 -1.3265 0 -1.2477
0 2 2 21 0.59864 -1.037 0.36281 -0.62914
