1 2 8 8 0 -0.21887 0.375 -0.23177
0 1 1 38 0.43213 2.8112 0.38781 3.6039
0 2 8 30 0.64444 1.1308 0.5 1.4595
0 2 9 9 0.64198 -0.68376 0.19753 0.14407
0 1 5 2 0.5 -1.2076 0.5 -0.83743
0 1 1 2 0 -0.63479 0 -0.67293
0 1 5 9 0.66667 -0.24152 0.44444 -0.014954
0 2 9 9 0.61728 0.02735 0.44444 -0.23177
0 1 7 4 0 -0.38093 0 -0.34394
0 1 8 15 0.43556 0.35957 0.32 -0.50844
0 1 7 10 0 1.2618 0.32 0.31403
0 2 8 7 0 -0.41169 0.40816 -0.41969
0 1 7 14 0.13265 2.0832 0.2449 0.97201
0 2 7 9 0.19753 0.71424 0.34568 -0.98345
0 1 7 1 0 -1.2023 0 -0.83743
0 2 8 8 0 -0.21887 0.375 -0.23177
0 1 7 3 0 -0.65472 0.44444 -0.67293
0 1 3 7 0.2449 0.18615 0.40816 -0.17945
0 1 7 6 0.72222 -0.92852 0.27778 -0.17945
1 2 8 16 0.41406 0.55239 0.46875 0.51991
1 1 1 15 0.42667 0.55805 0.23111 1.1365
0 1 8 5 0.56 -1.1829 0.48 -0.50844
0 2 1 4 0.375 -0.50225 0.5 -0.98345
0 1 7 6 0 0.16666 0.27778 -0.17945
0 1 1 33 0.3067 2.6787 0.36731 3.1104
1 1 1 22 0.55372 0.95567 0.35124 1.7945
1 2 5 9 0.49383 0.72457 0.49383 -0.41969
0 2 1 8 0.53125 -0.23717 0.5 -0.60761
0 1 1 4 0.375 -0.50225 0 -0.34394
0 1 3 2 0.5 -1.1066 0 -0.67293
0 1 8 6 0.5 -1.1829 0.44444 -0.67293
0 1 1 3 0 -0.50225 0.44444 -0.67293
0 2 9 9 0.61728 0.02735 0.44444 -0.23177
0 2 3 7 0.40816 -0.072392 0.2449 -1.1714
0 1 2 0 0 0 0 -1.0019
0 1 1 4 0 -0.36971 0 -0.34394
0 1 7 3 0 -0.65472 0 -0.50844
0 1 1 7 0.69388 -0.50225 0.4898 -0.50844
0 1 7 1 0 -1.2023 0 -0.83743
0 1 8 12 0.44444 -0.21887 0.48611 -0.17945
0 1 8 14 0.2551 0.55239 0.13265 -0.83743
0 2 9 18 0.66667 0.3829 0.19753 1.6474
1 2 8 13 0.26036 0.35957 0.14201 0.89575
0 1 9 1 0 -1.3949 0 -1.0019
0 1 7 14 0.13265 2.0832 0.13265 1.1365
0 1 8 8 0.71875 -1.3758 0.46875 -0.17945
1 2 8 17 0.45675 0.55239 0.48443 0.51991
0 2 7 4 0 -0.38093 0.375 -1.1714
0 2 8 8 0 -0.21887 0.46875 -0.41969
1 2 8 20 0.465 0.93802 0.495 0.70783
0 1 3 18 0.57407 1.2203 0.34568 1.301
0 1 3 4 0.375 -0.58948 0.375 -0.50844
1 2 9 26 0.65385 2.1607 0.35503 2.3991
0 2 5 5 0.48 -0.24152 0 -0.41969
0 1 1 7 0.2449 -0.10463 0.2449 -0.014954
0 2 8 1 0 -1.5686 0 -1.1714
0 1 3 1 0 -1.1066 0 -0.83743
0 1 3 7 0.61224 -0.58948 0.2449 -0.014954
0 2 9 5 0.48 -1.0393 0 -0.41969
1 2 8 19 0.19391 1.5165 0.26593 1.6474
0 1 4 0 0 0 0 -1.0019
0 2 8 13 0 0.7452 0.14201 0.89575
0 1 1 2 0 -0.63479 0 -0.67293
0 2 1 7 0.40816 -0.23717 0.4898 -0.79553
0 1 3 23 0.69187 1.4789 0.42344 1.63
0 2 1 6 0.27778 -0.23717 0.5 -0.79553
0 1 5 7 0.61224 -0.24152 0.4898 -0.34394
0 1 1 7 0.2449 -0.10463 0.40816 -0.17945
0 1 9 7 0.4898 -0.68376 0.4898 -0.34394
0 2 5 3 0.44444 -1.2076 0 -0.79553
0 1 3 1 0 -1.1066 0 -0.83743
1 1 9 22 0.78099 0.02735 0.48347 1.1365
1 1 3 9 0.37037 0.4447 0.34568 0.14954
0 1 1 3 0.44444 -0.63479 0 -0.50844
0 2 3 14 0.60204 0.70324 0.33673 -0.79553
0 1 1 8 0.21875 0.027903 0.375 -0.014954
0 1 1 7 0.4898 -0.36971 0 0.14954
0 1 1 5 0 -0.23717 0.32 -0.34394
0 1 3 8 0.65625 -0.33094 0.46875 -0.17945
1 2 5 7 0.44898 0.72457 0.4898 -0.60761
0 1 7 2 0.5 -1.2023 0 -0.67293
0 1 3 5 0.8 -1.1066 0.32 -0.34394
0 1 7 8 0.40625 0.16666 0.21875 0.14954
1 1 1 39 0.37344 3.0763 0.47337 2.9459
0 1 1 1 0 -0.76732 0 -0.83743
0 1 7 2 0 -0.92852 0 -0.67293
0 2 8 7 0.4898 -0.99013 0 -0.043848
0 2 1 5 0.32 -0.36971 0.48 -0.79553
0 2 8 8 0 -0.21887 0.21875 -0.043848
0 2 6 0 0 0 0 -1.3593
0 2 9 6 0.61111 -0.68376 0.44444 -0.60761
1 2 8 15 0.24 0.7452 0.32 0.89575
0 2 1 28 0.55867 1.2207 0.47704 1.8353
1 1 3 23 0.63138 1.4789 0.45369 1.4655
0 2 5 14 0.67347 1.6907 0.45918 -0.41969
1 1 3 11 0.71074 -0.33094 0.29752 0.47853
0 1 3 2 0 -0.84802 0 -0.67293
0 1 7 9 0 0.98804 0 0.47853
0 2 8 5 0.64 -1.3758 0.32 -0.60761
0 1 1 2 0 -0.63479 0 -0.67293
0 2 1 5 0.48 -0.50225 0.32 -0.60761
0 2 9 16 0.57031 1.4496 0.49219 0.33199
0 1 3 3 0 -0.58948 0 -0.50844
0 2 8 14 0.33673 0.35957 0.13265 1.0837
0 1 3 5 0.32 -0.33094 0.48 -0.50844
0 2 8 1 0 -1.5686 0 -1.1714
0 2 1 5 0.32 -0.36971 0.48 -0.79553
0 1 7 9 0.19753 0.71424 0.34568 0.14954
0 1 1 8 0.625 -0.36971 0.375 -0.014954
0 1 3 13 0.65089 0.4447 0.35503 0.64302
0 1 3 11 0.69421 -0.072392 0.29752 0.47853
0 1 1 4 0.375 -0.50225 0 -0.34394
0 1 1 11 0.61157 -0.10463 0.49587 -0.014954
0 1 3 13 0.62722 0.4447 0 1.1365
0 2 8 35 0.5502 2.4805 0.48 2.587
0 2 8 4 0 -0.99013 0.5 -0.98345
0 1 7 4 0 -0.38093 0 -0.34394
1 1 3 8 0.625 -0.33094 0.375 -0.014954
0 1 3 3 0.44444 -0.84802 0.44444 -0.67293
1 2 8 12 0.15278 0.35957 0.15278 0.70783
0 2 8 3 0 -1.1829 0.44444 -0.98345
0 1 1 4 0.375 -0.50225 0 -0.34394
0 2 8 26 0.68343 0.35957 0.35503 2.3991
1 1 3 41 0.70672 3.0301 0.34265 4.2619
0 1 8 24 0.47222 1.5165 0.44444 0.31403
0 1 1 3 0.44444 -0.63479 0 -0.50844
0 2 8 12 0.15278 0.35957 0.15278 0.70783
0 2 1 4 0.375 -0.50225 0.5 -0.98345
0 2 8 9 0.37037 -0.41169 0.19753 0.14407
0 1 7 2 0 -0.92852 0 -0.67293
0 2 1 4 0.375 -0.50225 0.375 -1.1714
0 2 9 8 0.625 -0.3282 0.21875 -0.043848
0 1 1 4 0.5 -0.63479 0 -0.34394
0 1 8 10 0.48 -0.6045 0.42 -0.50844
0 1 7 3 0 -0.65472 0 -0.50844
0 2 8 16 0.11719 1.1308 0.21875 1.2716
1 1 7 6 0 0.16666 0 -0.014954
1 1 7 7 0.2449 0.16666 0.4898 -0.34394
0 1 1 3 0.44444 -0.63479 0.44444 -0.67293
0 2 8 15 0.50667 0.16676 0.48 0.33199
0 2 8 17 0.21453 1.1308 0.41522 0.89575
1 2 9 9 0.37037 0.73846 0.19753 0.14407
1 1 7 12 0.40278 0.98804 0 0.97201
0 1 1 9 0.61728 -0.23717 0.44444 -0.014954
0 1 3 6 0.27778 -0.072392 0.27778 -0.17945
1 2 1 20 0 1.7509 0.495 0.33199
0 1 10 0 0 0 0 -1.0019
0 2 8 3 0.44444 -1.3758 0.44444 -0.98345
