29.00 62.00 34.00
29.00 62.00 57.00
56.00 31.00 24.00
60.00 31.00 66.00
43.00 29.00 42.00
43.00 31.00 52.00
47.00 63.00 37.00
47.00 64.00 54.00
47.00 80.00 43.00
48.00 79.00 49.00
58.00 51.00 42.00
57.00 55.00 48.00
51.00 44.00 44.00
50.00 42.00 49.00
54.00 21.00 43.00
52.00 23.00 51.00
45.00 69.00 20.00
42.00 69.00 71.00
32.00 81.00 25.00
32.00 83.00 69.00
46.00 76.00 23.00
41.00 78.00 72.00
33.00 93.00 43.00
33.00 93.00 49.00
60.00 72.00 29.00
34.00 91.00 27.00
33.00 90.00 64.00
51.00 84.00 62.00
61.00 80.00 37.00
63.00 78.00 42.00
63.00 78.00 49.00
34.00 95.00 34.00
34.00 96.00 55.00
69.00 65.00 57.00
42.00 49.00 28.00
42.00 51.00 65.00
39.00 44.00 36.00
37.00 44.00 59.00
46.00 53.00 28.00
43.00 57.00 64.00
35.00 32.00 38.00
35.00 36.00 54.00
53.00 25.00 29.00
52.00 26.00 62.00
49.00 18.00 35.00
52.00 20.00 56.00
28.00 69.00 41.00
29.00 71.00 48.00
36.00 65.00 38.00
37.00 64.00 55.00
71.00 49.00 41.00
74.00 49.00 48.00
59.00 41.00 22.00
61.00 43.00 71.00
70.00 38.00 33.00
64.00 30.00 56.00
73.00 47.00 34.00
75.00 43.00 53.00
72.00 55.00 34.00
74.00 52.00 54.00
60.00 35.00 42.00
60.00 37.00 49.00
42.00 65.00 33.00
42.00 65.00 58.00
46.00 54.00 24.00
44.00 57.00 70.00
73.00 61.00 42.00
67.00 65.00 49.00
52.00 47.00 15.00
54.00 44.00 74.00
43.00 33.00 20.00
43.00 32.00 71.00
26.00 72.00 22.00
32.00 67.00 75.00
45.00 46.00 16.00
34.00 60.00 75.00
39.00 53.00 39.00
39.00 53.00 52.00
