k-core
4
10
5
12
8
10
10
10
12
12
9
12
10
10
8
10
10
7
8
12
12
10
12
12
10
10
12
12
10
10
8
9
4
10
12
12
12
12
12
9
9
4
10
5
12
8
10
10
10
12
12
10
12
10
10
7
10
7
5
7
12
12
10
12
12
10
10
12
12
10
8
10
10
5
10
12
12
12
12
12
10
9

s-core
6362
14873
16983
17827
11252
11959
16124
11959
14933
15944
11655
14933
11108
11959
11136
14933
16273
11655
14450
17827
18783
14933
18783
14933
11108
16273
17467
17641
11655
14919
8935
11252
6320
14207
18783
18783
18783
18783
11252
11252
10167
6010
14873
14724
20433
11133
11673
15944
11673
14933
15944
11344
15944
11108
11673
10126
14933
14007
11344
13907
20433
18783
14933
18783
14933
11108
14724
17467
17641
9381
14007
8935
11133
5700
13907
18783
18783
18783
18783
11322
11133
11108

Rossa CP unweighted
0
0.082192
0
0.1934
0.22122
0.37311
0.13408
0.18049
0.028436
0.020833
0.33034
0.78333
0.61802
0.43293
0
0
0.035714
0
0.10224
0.24947
0.38699
0.27613
0.71214
0.69136
0.35862
0.49593
0.94375
0.91653
0.54798
0.28902
0
0
0
0.73509
0.83363
0.26263
0.86078
0.51383
0.63566
0.054264
0
0
0.15544
0
0
0.1118
0.23529
0.41745
0.042194
0.46459
0.59977
0.31618
0.67159
0.56436
0.14439
0
0.092105
0.059925
0
0.16751
0.071429
0
0.40191
0.65297
0.75856
0
0.53093
0.88852
0.97112
0.48056
0.30189
0.048387
0
0
0.80759
0.44833
0.12281
1
0.011834
0.58134
0.34446
0.20737
Rossa CP weighted
0
0.0081052
0
0.80708
0.12669
0.31327
0.19355
0.029947
0.062043
0
0.24777
0.51564
0.15663
0.63586
0
0
0.44911
0
0.13613
0.03713
0.015017
0.73972
0.93473
0.60004
0.46537
0.61802
0.33031
0.75958
0.16759
0.39963
0
0
0
0.67795
0.85328
0.049685
1
0.23357
0.41623
0.54972
0
0
0.56677
0.10706
0.0030848
0.085337
0.26345
0.074117
0.0055105
0.65729
0.53286
0.14561
0.11707
0.48215
0.58367
0
0.43277
0
0
0.38265
0.8304
0.0014575
0.022517
0.90628
0.2204
0
0.27897
0.78355
0.87895
0.18045
0.36533
0.29563
0
0
0.71935
0.69837
0
0.96797
0.096644
0.34749
0.4988
0.2069

Rombach CP weighted
0.037031
0.22864
0.77665
0.52953
0.07554
0.18323
0.6637
0.18007
0.31372
0.44284
0.2104
0.35034
0.14657
0.23052
0.08297
0.26873
0.66066
0.25978
0.4825
0.50729
0.92915
0.27316
1
0.37726
0.13082
0.6062
0.78548
0.76514
0.1912
0.50973
0.052216
0.092553
0.051916
0.41315
0.85223
0.74244
0.95026
0.79858
0.24235
0.11209
0.13726
0.024223
0.2411
0.52808
0.63894
0.057536
0.17112
0.59586
0.15107
0.29691
0.47789
0.1669
0.4465
0.10799
0.18993
0.062498
0.28868
0.39738
0.18405
0.29366
0.62754
0.81377
0.27375
0.87335
0.37551
0.11302
0.4369
0.69432
0.80796
0.10041
0.40459
0.12078
0.077277
0.021458
0.34289
0.84209
0.77409
0.90614
0.84289
0.24228
0.092975
0.16027

Rombach CP unweighted
0.014874
0.15076
0.053602
0.38314
0.093543
0.28943
0.33721
0.34617
0.39413
0.5676
0.17033
0.60509
0.30516
0.25503
0.11802
0.21957
0.22891
0.064565
0.12953
0.4091
0.58107
0.16384
0.62499
0.52981
0.11399
0.36535
0.68187
0.9371
0.26507
0.20958
0.075644
0.14177
0.025585
0.43117
1
0.60173
0.87408
0.58029
0.70781
0.16539
0.12504
0.0090561
0.15438
0.043986
0.36294
0.092077
0.29505
0.27563
0.26868
0.38975
0.46413
0.17343
0.45757
0.20873
0.29113
0.078437
0.24232
0.078024
0.030225
0.070629
0.37314
0.55049
0.16752
0.55931
0.59056
0.11893
0.35577
0.64898
0.90747
0.19652
0.12424
0.18292
0.17021
0.04826
0.42505
0.91059
0.57362
0.86781
0.71273
0.70411
0.25653
0.14341