1 9 33.159 0.44444
3 17 183.09 0.56055
1 5 15.134 0.48
4 6 51.995 0.44444
2 7 6.5667 0
2 7 6.5667 0
2 7 24.2 0
4 7 1.8158 0
4 12 66.89 0.61111
1 6 19.13 0.61111
1 10 51.261 0.5
3 11 116.38 0.46281
2 5 55.126 0.48
1 12 109.19 0.65278
4 10 35.925 0.34
2 5 112 0
3 13 80.585 0.59172
2 4 0 0
4 6 10.616 0.27778
3 15 93.177 0.52444
3 12 56.397 0.15278
1 10 63.729 0.46
4 15 105.58 0.41778
4 11 31.671 0.16529
1 7 28.819 0.2449
3 10 49.762 0.48
2 3 36.079 0.66667
3 14 549.13 0.53061
3 8 17.742 0.21875
3 6 9.587 0.27778
2 3 50.637 0
1 10 84.941 0.32
4 12 61.619 0.625
1 11 61.293 0
3 12 47.494 0.48611
2 8 913.87 0.53125
3 7 40.308 0.57143
2 4 0.4 0
1 7 29.293 0.40816
4 10 143.95 0.32
2 6 360.35 0
3 8 27.952 0.21875
3 7 30.879 0.2449
3 5 4.5615 0
3 23 243.54 0.60491
2 1 0 0
3 6 20.856 0.5
4 10 25.962 0.34
1 13 89.073 0.61538
3 17 162.75 0.3045
4 16 440.79 0.57031
4 10 25.962 0.34
4 12 42.219 0.54167
2 6 265.35 0
4 9 39.058 0.59259
4 10 25.735 0.54
1 5 3.3608 0.32
1 7 6.5018 0.2449
