title
0.6743154947180301
0.7535091310273856
0.6870655983220786
0.8539428343065083
0.5038630892522633
0.8392743919976056
0.06702132965438068
0.5402314774692059
0.22412469587288797
0.051949598360806704
0.5564268550369889
0.11801715730689466
0.8999725403264165
0.37218478973954916
0.6011480502784252
0.5710195740684867
0.5550964006688446
0.3257429292425513
0.05326086608693004
0.2443437019828707
0.4466289742849767
0.7115719206631184
0.6057553431019187
0.7494080059695989
0.9371197058353573
0.45326639455743134
0.5776188888121396
0.36451370222494006
0.12912281625904143
0.1315956104081124
0.6356283309869468
0.26691493880935013
0.5033652691636235
0.5989490516949445
0.9904136825352907
0.11683310475200415
0.5603253289591521
0.5655609737150371
0.05234624329023063
0.8033704410772771
0.594931855564937
0.7174454207997769
0.5661967298947275
0.6504500166047364
0.5240807256195694
0.3119473485276103
0.3399030698928982
0.2939865125808865
0.47772327391430736
0.4115734901279211
0.5592951511498541
0.9387584188953042
0.8383686565794051
0.9548242227174342
0.6122686383314431
0.29085180349648
0.153893401613459
0.6245525048580021
0.5388628062792122
0.6170708648860455
0.8379503795877099
0.16308042872697115
0.3948800559155643
0.49585672933608294
0.2770954773295671
0.9672568046953529
0.677356778876856
0.9389808338601142
0.9976041889749467
0.7899956593755633
0.853400434134528
0.9031313268933445
0.5235115652903914
0.9270593370310962
0.8145787266548723
0.04580942960456014
0.12224986730143428
0.966621947241947
0.07988576428033412
0.4980266853235662
0.2569071368779987
0.9894296594429761
0.41530174552462995
0.10348023730330169
0.6756408116780221
0.6132410222198814
0.8214655767660588
0.03677424183115363
0.25548630161210895
0.27675893041305244
0.8485746851656586
0.8252785007935017
0.8805196676403284
0.79390157177113
0.2508752595167607
0.40002698614262044
0.5092138724867254
0.0049880072474479675
0.8279014364816248
0.968379610683769