0.084 3.000 4.000 3.000
-0.001 2.000 3.000 1.000
0.053 2.000 3.000 1.000
0.098 3.000 1.000 3.000
-0.020 2.000 3.000 1.000
0.036 3.000 4.000 3.000
0.083 2.000 3.000 1.000
0.145 1.000 1.000 2.000
0.013 2.000 3.000 1.000
0.097 3.000 4.000 3.000
0.152 1.000 1.000 2.000
0.013 4.000 4.000 3.000
0.075 2.000 3.000 1.000
0.037 2.000 3.000 1.000
0.130 3.000 1.000 3.000
0.134 1.000 1.000 2.000
0.064 3.000 4.000 3.000
0.077 1.000 4.000 2.000
0.137 1.000 2.000 2.000
0.048 4.000 4.000 3.000
0.161 1.000 2.000 2.000
0.064 4.000 2.000 2.000
0.066 4.000 2.000 2.000
0.000 2.000 3.000 1.000
0.006 2.000 3.000 1.000
0.159 1.000 2.000 2.000
0.096 1.000 2.000 2.000
0.072 4.000 2.000 2.000
0.087 1.000 2.000 2.000
0.091 4.000 2.000 2.000
0.149 3.000 4.000 3.000
0.025 2.000 3.000 1.000
0.022 2.000 3.000 1.000
0.171 1.000 2.000 2.000
0.059 2.000 3.000 1.000
0.101 1.000 2.000 2.000
-0.048 2.000 3.000 1.000
0.157 4.000 2.000 2.000
0.120 2.000 3.000 1.000
0.112 4.000 2.000 2.000
-0.023 2.000 3.000 1.000
0.127 3.000 4.000 3.000
0.023 2.000 3.000 1.000
0.108 3.000 4.000 3.000
0.017 2.000 3.000 1.000
0.047 2.000 3.000 1.000
0.038 2.000 3.000 1.000
0.034 2.000 3.000 1.000
0.041 2.000 3.000 1.000
0.093 2.000 3.000 1.000
0.039 2.000 3.000 1.000
0.013 2.000 3.000 1.000
0.082 2.000 3.000 1.000
0.057 2.000 3.000 1.000
0.002 4.000 4.000 3.000
0.050 2.000 3.000 1.000
0.075 1.000 3.000 2.000
0.087 4.000 2.000 2.000
0.101 3.000 4.000 3.000
0.152 4.000 2.000 2.000
0.145 4.000 2.000 2.000
0.059 4.000 2.000 2.000
0.118 4.000 2.000 2.000
0.166 4.000 2.000 2.000
-0.011 4.000 2.000 2.000
0.005 4.000 2.000 2.000
-0.016 2.000 3.000 1.000
0.152 4.000 2.000 2.000
0.043 4.000 2.000 2.000
0.106 3.000 4.000 3.000
0.040 4.000 2.000 2.000
0.028 2.000 3.000 1.000
0.097 3.000 4.000 3.000
