title
0.9908317972440273
0.8439819095656276
0.21183274500072002
0.392044730251655
0.6128139842767268
0.04019852797500789
0.8240543655119836
0.6488411494065076
0.7078409588430077
0.533083368325606
0.6461566162761301
0.20738408621400595
0.2788697527721524
0.07646441669203341
0.6828327693510801
0.4605543306097388
0.7379627462942153
0.5602050870656967
0.5355092301033437
0.34897870966233313
0.049497263971716166
0.2970967839937657
0.5214969827793539
0.44501395197585225
0.6255218284204602
0.22636936185881495
0.5174705409444869
0.7949447964783758
0.8588821738958359
0.671112195821479
0.38673613662831485
0.9988149225246161
0.6473528477363288
0.7945597518701106
0.01671537314541638
0.47059061494655907
0.5810220041312277
0.7201244356110692
0.9827821399085224
0.5921783603262156
0.24592802627012134
0.20696234423667192
0.465517709730193
0.2948481177445501
0.19390851282514632
0.9797123321332037
0.1490945336408913
0.4276519555132836
0.441102133365348
0.1700201176572591
0.46346110361628234
0.14402859355323017
0.9471280821599066
0.4876737496815622
0.9668663239572197
0.5822763920295984
0.6912920302711427
0.013953156769275665
0.6461924565955997
0.6147952664177865
0.8751838456373662
0.7205262202769518
0.21672357828356326
0.6703173294663429
0.6289267532993108
0.6392199469264597
0.05598553107120097
0.57635033945553
0.4205900514498353
0.17995531857013702
0.5583096311893314
0.26761089568026364
0.13742112857289612
0.7680230624973774
0.4497643590439111
0.254423385951668
0.1322572221979499
0.5000798124819994
0.4119576378725469
0.7184503085445613
0.6735146809369326
0.5413178463932127
0.9242151787038893
0.6479082838632166
0.9533256075810641
0.5985001132357866
0.1358376257121563
0.24700787686742842
0.3395243692211807
0.6733343317173421
0.1356732805725187
0.24131210264749825
0.7212254530750215
0.697662599151954
0.050647861789911985
0.30183414393104613
0.08288522553630173
0.23785795061849058
0.530496840365231
0.7471419307403266
0.9241342423483729
0.3289584417361766
0.204269306268543
0.7928316774778068
0.8067047256045043
0.04905668180435896
0.44466593442484736
0.167880681110546
0.9481966297607869
0.027478343807160854
0.4696187705267221
0.9765476793982089
0.27594250719994307
0.46581149520352483
0.5410392084158957
0.9149802736938
0.20267891720868647
0.3420032493304461
0.2299230785574764
0.5414782050065696
0.8284477584529668
0.020148953888565302
0.38100134767591953
0.3761249624658376
0.4382883587386459
0.25938818347640336
0.816908375825733
0.6797606248874217
0.09082820336334407
0.6772527112625539
0.772052058018744
0.22889527049846947
0.9519100091420114
0.8974331568460912
0.9323460727464408
0.3826930564828217
0.1649525712709874
0.10888846195302904
0.2729281629435718
0.754135872470215
0.13151182257570326
0.15687964367680252
0.5034388729836792
0.9442586440127343
0.8647539988160133
0.6318500384222716
0.2398530903737992
0.7217251972761005
0.5009782386478037
0.805977261159569
0.7631972448434681
0.42192338686436415
0.44156216783449054
0.42193429241888225
0.35308560682460666
0.024433886632323265
0.557806045981124
0.1460047815926373
0.4630298027768731
0.4341780461836606
0.27710092905908823
0.22541040158830583
0.08930320013314486
0.04066245793364942
0.9335025041364133
0.05580091685988009
0.08080760203301907
0.7544064675457776
0.7556261783465743
0.9502181976567954
0.5044795419089496
0.8703939679544419
0.30375844659283757
0.9730091374367476
0.40342531306669116
0.783622510265559
0.6914562925230712
0.09561641863547266
0.06689368351362646
0.8595929434522986
0.4012605694588274
0.9610737401526421
0.014445515116676688
0.5241103454027325
0.6872023881878704
0.266861590789631
0.6922137390356511
0.4341395399533212
0.514810596127063
0.981924707768485
0.12920218496583402
0.6770413888152689
0.9309849243145436
0.8367379331029952
0.5152838912326843
0.6212891456671059
0.763459185604006
0.3232041026931256
0.44133224175311625
0.26802178006619215
0.5333824041299522
0.7523588165640831
0.014588926453143358
0.21786413853988051
0.8346797269769013
0.1784297067206353
0.16063356981612742
0.19488456612452865
0.5502136389259249
0.18513809866271913
0.1334073629695922
0.1147209145128727
0.3585401950404048
0.43143342109397054
0.72748505580239
0.5475279174279422
0.9112679285462946
0.07616659929044545
0.35449968185275793
0.5151014679577202
0.18721990939229727
0.5395165591035038
0.3267506957054138
0.20662619755603373
0.4352006509434432
0.6393353149760514
0.2036255421116948
0.3233625905122608
0.03848140873014927
0.6563163867685944
0.2985444040969014
0.8244489268399775
0.8729364830069244
0.06103949970565736
0.704036831157282
0.5923772975802422
0.7457500877790153
0.9056100584566593
0.337793770711869
0.4913090181071311
0.27682648808695376
0.28904540673829615
0.3228072477504611
0.15779577754437923
0.06302959867753088
0.27235490130260587
0.5622384566813707
0.9978450904600322
0.08820837270468473
0.44481961941346526
0.9298124762717634
0.5889275099616498
0.35654282639734447
0.5217017468530685
0.313000937923789
0.32224628748372197
0.9851001896895468
0.3003428897354752
0.3785992357879877
0.9848785775247961
0.46422297041863203
0.12402333482168615
0.9951844713650644
0.09747214382514358
0.43947936804033816
0.6417720841709524
0.22334863198921084
0.04897229350171983
0.9085954802576452
0.7937121845316142
0.6820964217185974
0.1771983637008816
0.834260712377727
0.739117382094264
0.29671052750200033
0.833319368539378
0.7148012784309685
0.03671420458704233
0.1256728197913617
0.8652054821141064
0.6601159353740513
0.029873181600123644
0.5835579526610672
0.5432468748185784
0.8392020829487592
0.7022850036155432
0.16813616594299674
0.4209434031508863
0.3953147034626454
0.5451642498373985
0.17689580377191305
0.5693940033670515
0.0009617533069103956
0.48896386148408055
0.8163052729796618
0.01338579272851348
0.501296668779105
0.11343014054000378
0.07489943620748818
0.3003728073090315
0.6784093517344445
0.7385104743298143
0.5243213961366564
0.4629197991453111
0.33733601961284876
0.11603346979245543
0.07462369673885405
0.34900394920259714
0.47292250650934875
0.7651757078710943
0.09536912618204951
0.6853156860452145
0.03453634958714247
0.7759784010704607
0.7568710374180228
0.5156614452134818
0.4772132358048111
0.11860926682129502
0.607705159811303
0.8011268523987383
0.30567845585756004
0.34345395723357797
0.39427191065624356
0.8159618531353772
0.6596696160268039
0.03795649763196707
0.3948989703785628
0.011663300218060613
0.29724583169445395
0.2622433197684586
0.22477733273990452
0.8054548657964915
0.333254249766469
0.754310111515224
0.17439146526157856
0.23279214114882052
0.21717050159350038
0.5144928607624024
0.1448042991105467
0.7169638592749834
0.6386424279771745
0.9009136050008237
0.5726041626185179
0.2496219896711409
0.7796407353598624
0.8438742035068572
0.227914520772174
0.36425056238658726
0.3559534347150475
0.7303712433204055
0.5236695918720216
0.9058017067145556
0.5780940940603614
0.01759990956634283
0.36775521002709866
0.5747575822751969
0.8942895377986133
0.1547052334062755
0.37171925813890994
0.8675199749413878
0.2703243405558169
0.9180228926707059
0.8762731007300317
0.3371772291138768
0.4785982961766422
0.10507046175189316
0.3051042982842773
0.9726646367926151
0.0761215549428016
0.5460488302633166
0.04580750782042742
0.04835541336797178
0.8551040564198047
0.5120737510733306
0.851986585650593
0.2408756527584046
0.21504892851226032
0.27559804380871356
0.9286441239528358
0.35843577585183084
0.7295490056276321
0.6680943847168237
0.8781928766984493
0.933029523352161
0.7576233071740717
0.03955935011617839
0.30903612240217626
0.6594443151261657
0.7717509993817657
0.7216773652471602
0.8219743655063212
0.1454447191208601
0.35642778407782316
0.19877044716849923
0.7586396466940641
0.2703197901137173
0.8880677425768226
0.823625419056043
0.17886033724062145
0.8608522654976696
0.9915902900975198
0.3728039269335568
0.9061098811216652
0.03890948253683746
0.5198927680030465
0.48680885042995214
0.16771159204654396
0.9335311339236796
0.3658726364374161
0.71236513229087
0.8895649753976613
0.9066055761650205
0.25989331444725394
0.024569897213950753
0.008218575036153197
0.01916310959495604
0.2728062563110143
0.5285192977171391
0.2667971244081855
0.27297194208949804
0.6229335961397737
0.4093202194198966
0.15718253329396248
0.08218599110841751
0.8178540265653282
0.6881972963456064
0.23021470848470926
0.8639299462083727
0.5791415530256927
0.9890800530556589
0.1762954741716385
0.6868853475898504
0.39374236506409943
0.2813824382610619
0.24675962491892278
0.9777128989808261
0.12345051323063672
0.9571545657236129
0.5083257746882737
0.2015252362471074
0.5964221963658929
0.5132365489844233
0.6896214727312326
0.00731221423484385
0.9702831206377596
0.07610153476707637
0.27027777675539255
0.8749470477923751
0.22389057115651667
0.742173321545124
0.4271078114397824
0.7000977422576398
0.7131699859164655
0.562653767876327
0.8223578440956771
0.2547073981259018
0.4619600174482912
0.20597764127887785
0.6424162669572979
0.7139863322954625
0.12793392315506935
0.7687012127134949
0.5522537247743458
0.20855390443466604
0.1618504503276199
0.21244276780635118
0.20902155758813024
0.5969597629737109
0.14435137412510812
0.7612893907353282
0.8504078378900886
0.9724988203961402
0.19987000082619488
0.7364828016143292
0.8022452453151345
0.42456800676882267
0.047368871280923486
0.07677924889139831
0.12147375429049134
0.9442290486767888
0.20943035883828998
0.22641564812511206
0.2283378562424332
0.8976287529803813
0.03467723983339965
0.31043315678834915
0.9687777082435787
0.9230171500239521
0.03135645831935108
0.34214382292702794
0.6588305949699134
0.7762283345218748
0.3304751589894295
0.6751649447251111
0.14710013777948916
0.3036749663297087
0.12332511669956148
0.5707925267051905
0.2968905356246978
0.08840906410478055
0.8284831598866731
0.44573153322562575
0.6404285647440702
0.014874984510242939
0.13914878410287201
0.7865911156404763
0.26635999185964465
0.6407253986690193
0.19271894614212215
0.890930850757286
0.5240836865268648
0.37811264605261385
0.24272534321062267
0.37370751798152924
0.9319184767082334
0.5353606005664915
0.7000846713781357
0.46784772886894643
0.24814727366901934
0.06456640502437949
0.08392659900709987
0.15558687364682555
0.10548915667459369
0.9194885927718133
0.24206301080994308
0.4175549845676869
0.3399112911429256
0.5981476651504636
0.6394051478710026
0.6240373123437166
0.31848156941123307
0.39213835750706494
0.2928490270860493
0.13352019200101495
0.34528409712947905
0.3608295952435583
0.7622561412863433
0.5173797628376633
0.566790773998946
0.3249342709314078
0.47533417167142034
0.2268700748682022
0.5549742279108614
0.03012971836142242
0.2316080026794225
0.718431961722672
0.3487718664109707
0.5233147810213268
0.1980358138680458
0.5989902552682906
0.7317618450615555
0.6260902653448284
0.4845537713263184
0.4797743654344231
0.329532039584592
0.5364124123007059
0.5173587640747428
0.9544288441538811
0.37093305471353233
0.056620046496391296
0.7822976368479431
0.660954664926976
0.13843327038921416
0.03390259784646332
0.07065255218185484
0.7962498625274748
0.3959328103810549
0.653046369785443
0.522078963695094
0.997356342151761
0.2734420101623982
0.35251836525276303
0.804304018849507
0.45958075509406626
0.43907792144455016
0.5883900355547667
0.5924730759579688
0.364629395538941
0.33414775715209544
0.5897604282945395
0.324043869972229
0.5249314247630537
0.353527735453099
0.031138937454670668
0.33383285882882774
0.995696552330628
0.23401449178345501
0.45239412342198193
0.7025628197006881
0.2889161999337375
0.2390019502490759
0.22087208041921258
0.36937538627535105
0.792980179656297
0.3281859285198152
0.13725378015078604
0.7584200277924538
0.12665717769414186
0.6711763523053378
0.2857580301351845
0.2813608245924115
0.941926761996001
0.9860353416297585
0.2529052959289402
0.04331284179352224
0.8487084342632443
0.9619865035638213
0.6444973219186068
0.3377449498511851
0.5941258473321795
0.008198795840144157
0.9007273267488927
0.09776771441102028
0.9158028427045792
0.9369834130629897
0.022995021427050233
0.857556538656354
0.5236535535659641
0.6656666281633079
0.07811614847742021
0.5017791744321585
0.9349477279465646
0.043558155884966254
0.4381899817381054
0.5172023605555296
0.17625248688273132
0.7317064108792692
0.6844444526359439
0.5279958471655846
0.750987048028037
0.252681830432266
0.851901073474437
0.7939357084687799
0.7932351066265255
0.1219504710752517
0.945044056745246
0.06583651271648705
0.11028321040794253
0.28121793176978827
0.14249226567335427
0.11026759655214846
0.02718322421424091
0.011876603588461876
0.04769905679859221
0.015782512491568923
0.48303723288699985
0.0753861537668854
0.20577209116891026
0.959560951218009
0.7241722568869591
0.9926530690863729
0.5933252011891454
0.8823481216095388
0.7440177572425455
0.6221659791190177
0.7831215807236731
0.6728156751487404
0.9037701657507569
0.028701694682240486
0.46666212822310627
0.8795016184449196
0.5375975409988314
0.8525967346504331
0.2525431525427848
0.4038146515376866
0.7384214352350682
0.7980661820620298
0.3184427320957184
0.6146795707754791
0.5840968764387071
0.33320450014434755
0.5929429717361927
0.8230150553863496
0.0930220065638423
0.33336315932683647
0.484124637208879
0.6959853514563292
0.7226577887777239
0.6836579195223749
0.49458313500508666
0.5219196490943432
0.2025946518406272
0.8582851043902338
0.7786351817194372
0.8536771966610104
0.852084971498698
0.26067321468144655
0.040493232663720846
0.9543902238365263
0.41438641701824963
0.5868803998455405
0.34920099773444235
0.19036639435216784
0.16776230745017529
0.67731310473755
0.8936845676507801
0.178282167064026
0.4257066617719829
0.5094012492336333
0.5885515806730837
0.6381031249184161
0.9614145264495164
0.40726127359084785
0.10965259186923504
0.09539554454386234
0.7800760071258992
0.7798017733730376
0.016082864487543702
0.18677225429564714
0.42386523075401783
0.22270214767195284
0.434145214734599
0.6607662236783653
0.4661490109283477
0.6994511191733181
0.16904339380562305
0.9271172157023102
0.8175271288491786
0.1432040196377784
0.18826335249468684
0.42020763806067407
0.19529523304663599
0.04974409914575517
0.9317779836710542
0.97019435884431
0.6797357744071633
0.8578891465440392
0.7568934429436922
0.8133172995876521
0.16437055077403784
0.7729622034821659
0.3196337944827974
0.06681049079634249
0.5456398031674325
0.890242270892486
0.9658477725461125
0.26026501157321036
0.6436528381891549
0.013319975696504116
0.07820856128819287
0.9730049164500087
0.06624569138512015
0.5460968904662877
0.14355762279592454
0.4412634181790054
0.8430193748790771
0.7283254568465054
0.792138536227867
0.29554835613816977
0.939088067272678
0.8183598367031664
0.2778878363315016
0.3620237724389881
0.20276265032589436
0.8405670658685267
0.36903544259257615
0.9109077509492636
0.6993995464872569
0.19094757037237287
0.7185104489326477
0.713166996371001
0.5677312235347927
0.16086505446583033
0.4287140220403671
0.7024609479121864
0.35658967099152505
0.37828185805119574
0.49803476780653
0.6141163948923349
0.45421573403291404
0.5459327199496329
0.22402655379846692
0.12771161342971027
0.5071641909889877
0.06451536132954061
0.32984149432741106
0.9244866941589862
0.5418226458132267
0.07208902621641755
0.7969040032476187
0.9511920167133212
0.12325834482908249
0.37335759913548827
0.5713812145404518
0.09520269953645766
0.6057131488341838
0.029612799873575568
0.8916307762265205
0.8594272644259036
0.6018949439749122
0.18575485120527446
0.1522563777398318
0.15823074127547443
0.719358480302617
0.8355524851940572
0.9980083501432091
0.18967277859337628
0.9660351327620447
0.6440404711756855
0.08538696658797562
0.45103316800668836
0.9012323371134698
0.29843055573292077
0.6909045209176838
0.05795470764860511
0.08052082220092416
0.8029024647548795
0.3492115749977529
0.24978654133155942
0.7444577121641487
0.42651228536851704
0.9711946395691484
0.6983825641218573
0.04987568478100002
0.27112354012206197
0.27422313624992967
0.18362437072210014
0.8209865149110556
0.3899931204505265
0.6397412421647459
0.6193162493873388
0.3077526758424938
0.7092055624816567
0.9245698782615364
0.02176462602801621
0.5697424814570695
0.28595065395347774
0.8299646973609924
0.18633281951770186
0.6694183165673167
0.3887286726385355
0.763426267541945
0.43387701036408544
0.8574345207307488
0.4357665912248194
0.9976657312363386
0.02714490215294063
0.43066973611712456
0.8805173945147544
0.685344829922542
0.8007727114018053
0.9993607946671546
0.6654254542663693
0.8071316748391837
0.7172534316778183
0.04807734186761081
0.8126351626124233
0.5891491498332471
0.4510487865190953
0.3149482912849635
0.5176481904927641
0.12071162881329656
0.3097225334495306
0.06198905920609832
0.6062774485908449
0.9246451864019036
0.3690222434233874
0.6589260750915855
0.4343245830386877
0.8070492660626769
0.002963698236271739
0.5945383498910815
0.3442313838750124
0.5046602252405137
0.005078298272565007
0.47734432271681726
0.454190616030246
0.9580697824712843
0.10626742453314364
0.17117309803143144
0.2801640916150063
0.17625042609870434
0.6664963150396943
0.8387975259684026
0.5831649468746036
0.6127848559990525
0.5425505365710706
0.19190380815416574
0.007666334509849548
0.16101894062012434
0.025793504901230335
0.9902936171274632
0.7582103968597949
0.7848230365198106
0.5232283850200474
0.9424169608391821
0.8562893057242036
0.9419839158654213
0.9695513651240617
0.12767355726100504
0.16204606578685343
0.4915853107813746
0.1805604537948966
0.5824751472100616
0.051474752835929394
0.12641889438964427
0.07483101775869727
0.20347776170819998
0.6920055074151605
0.840181922307238
0.6257347075734288
0.18672001152299345
0.49113010987639427
0.9338729919400066
0.7825145870447159
0.7539237516466528
0.4200819453690201
0.14998831856064498
0.23040894861333072
0.29236656660214067
0.2853222356643528
0.1987828565761447
0.014201974496245384
0.9125443645752966
0.0391743138898164
0.4737399513833225
0.5361986174248159
0.7054017519112676
0.4835446353536099
0.3439382000360638
0.24692455306649208
0.021197156747803092
0.20402161753736436
0.30631124251522124
0.7340456927195191
0.8129642899148166
0.8304141233675182
0.5847963732667267
0.04789312300272286
0.47480656881816685
0.5216013581957668
0.4197151558473706
0.4832784067839384
0.588375705992803
0.3295210422948003
0.29117208416573703
0.8535400973632932
0.2419402205850929
0.19848143332637846
0.4999439709354192
0.9541342768352479
0.1389387371018529
0.1933850715868175
0.5828853803686798
0.2080195783637464
0.5412275684066117
0.1454468062147498
0.554297648370266
0.9026233344338834
0.36238903808407485
0.977429345715791
0.9280613849405199
0.09711099485866725
0.09335139906033874
0.9110968087334186
0.9249352321494371
0.6800993052311242
0.17309853178448975
0.10264335130341351
0.4776162342168391
0.4331075444351882
0.022995045874267817
0.7189186250325292
0.09510491089895368
0.7204998021479696
0.451885448070243
0.48245985992252827
0.7409563639666885
0.4889590728562325
0.01989219314418733
0.6106327250599861
0.5962238716892898
0.0492785528767854
0.5135025763884187
0.21607287204824388
0.7833691542036831
0.9629505870398134
0.9588249204680324
0.7269138053525239
0.5133217354305089
0.37623183662071824
0.40050152176991105
0.07228314690291882
0.3345218528993428
0.3872336514759809
0.7099246240686625
0.8768802585545927
0.2845687549561262
0.878920117393136
0.7579682355280966
0.3523347463924438
0.6362147906329483
0.782049500150606
0.41856110375374556
0.6461200781632215
0.6256553162820637
0.4826295559760183
0.8150342183653265
0.17702595656737685
0.8445678094867617