0.9239105940796435 0.9393661422654986 0.21842941036447883
-0.45648991549387574 0.4157105660997331 0.40890521882101893
-0.05283838650211692 0.3859085040166974 0.943365297280252
0.15080277109518647 0.23065088829025626 -0.5806688000448048
-0.47464955039322376 0.807888325303793 0.8842704207636416
0.46765112364664674 0.7223025723360479 0.2931631342507899
-0.9982192870229483 -0.7307662726379931 -0.8533869362436235
0.3882972914725542 -0.3587779155932367 0.305101755540818
-0.15495115518569946 -0.7187139466404915 0.7202259167097509
0.5510219694115222 -0.08918011467903852 -0.9012311985716224
-0.19886978855356574 -0.8343438571318984 -0.12065058434382081
-0.5715000806376338 -0.9514806573279202 -0.5635657710954547
-0.11977576371282339 -0.5402562050148845 -0.06397638889029622
-0.7098781168460846 -0.23772257240489125 0.773057515732944
-0.8651990061625838 -0.13775250408798456 -0.7098636166192591
0.29222426330670714 -0.44940846506506205 0.08982772333547473
0.4840618115849793 0.5285266651771963 0.32489284547045827
-0.8103084699250758 -0.9440306518226862 0.1775691588409245
0.2647740235552192 -0.8637908301316202 -0.9669007658958435
-0.5110864494927227 -0.27532068034633994 0.9419974545016885
-0.79155238205567 -0.3816037024371326 0.40703832684084773
-0.38657744182273746 -0.9510430195368826 -0.25918919779360294
-0.6565809962339699 0.9637634200043976 -0.5810814597643912
0.5740177030675113 0.4276970401406288 0.3833550000563264
0.8560824729502201 0.486771784722805 -0.2900227140635252
0.004754714202135801 0.48129271110519767 0.43399333814159036
0.2558506866917014 -0.01119889784604311 -0.5896178400143981
0.24085752572864294 -0.4566913014277816 -0.8795165331102908
-0.5348510229960084 -0.3317244718782604 0.10684437630698085
-0.4541625361889601 0.7528840531595051 -0.6280349032022059
-0.29092520708218217 -0.8089112993329763 0.19721130933612585
0.6513162152841687 0.37928381841629744 -0.2632251586765051
-0.9211898809298873 -0.09842733852565289 -0.026536077726632357
0.5462573394179344 -0.1308253463357687 0.5811083796434104
0.20537529699504375 -0.05433226888999343 -0.6314559625461698
-0.1390047250315547 0.7949420865625143 -0.3217363506555557
0.3985417503863573 0.6654092920944095 0.6418285053223372
-0.6140242666006088 0.234979051630944 -0.6581533825956285
0.4876527665182948 -0.7498979200609028 0.5599941029213369
-0.7254335829056799 -0.6843296806327999 0.12442168919369578
0.3824364459142089 0.2656871466897428 -0.30044879019260406
-0.2353852828964591 0.7033267081715167 -0.14450614620000124
-0.4298372804187238 -0.7814197987318039 -0.08200574992224574
0.03668350353837013 0.6313385306857526 -0.06679336167871952
0.9910959927365184 0.5889913700520992 -0.9758941903710365
-0.42982629779726267 0.9898629444651306 -0.07039692252874374
0.16235351841896772 0.48963978327810764 -0.7590797734446824
0.9407347748056054 -0.03439062647521496 -0.5774826845154166
-0.7732192697003484 -0.11025226954370737 -0.9255800941027701
0.7102488889358938 0.5682604485191405 0.7891140077263117
0.778561320155859 0.4590487233363092 0.07803629012778401
0.3444795231334865 -0.23557994049042463 -0.4206430339254439
0.8133310126140714 -0.6093735219910741 0.4676388669759035
0.3113790461793542 -0.5798138584941626 0.9540602848865092
0.46629831241443753 0.5312974038533866 0.3911258284933865
-0.8062730352394283 0.2550518331117928 -0.6584281292743981
-0.45892082108184695 0.7061640131287277 0.9655497493222356
0.2575086373835802 0.3978223823942244 -0.38078495720401406
-0.4095090227201581 -0.3919525621458888 -0.016507595777511597
-0.5081913196481764 0.2582046533934772 0.0974434562958777
0.23669877648353577 0.9007963151670992 0.5362008176743984
-0.9019883126020432 0.2173785693012178 0.3290390972979367
-0.6146033750846982 -0.3054822934791446 0.7341433237306774
-0.4295391156338155 0.4123864769935608 0.44106734031811357
-0.6595217450521886 -0.21606688713654876 0.9013636596500874
0.31582278572022915 -0.6768567399121821 -0.7822628514841199
0.4435408157296479 -0.4194094194099307 -0.990559889934957
-0.8185854447074234 -0.4187835338525474 0.21707210130989552
0.9596366742625833 -0.6220256825909019 0.16164830699563026
-0.8676943411119282 0.5750147313810885 0.506476407404989
-0.9175347737036645 0.1411466123536229 -0.15461945394054055
-0.7112469025887549 0.9769252617843449 0.5538385366089642
-0.8470127731561661 -0.25982439052313566 0.3674158384092152
-0.5541310207918286 0.264748889952898 0.38468179712072015
-0.9785444503650069 0.19400299340486526 0.8303067171946168
-0.5113012921065092 0.3675185856409371 -0.9726076610386372
0.9342698990367353 -0.19206521706655622 0.37235281616449356
0.6020881035365164 0.9033621237613261 0.8562101982533932
0.8307728660292923 -0.07563528092578053 -0.5212830742821097
0.1924150767736137 0.3440333125181496 0.09264743560925126
-0.6763169765472412 -0.9395065540447831 -0.3512482880614698
-0.15290700504556298 -0.03372507682070136 0.6765371896326542
0.8073401474393904 -0.7032149629667401 0.5027882354333997
0.1527700424194336 -0.6757225166074932 -0.46856111381202936
0.8281032084487379 -0.3102777870371938 0.7446402311325073
0.8489204705692828 -0.7183456514030695 -0.4008115157485008
0.3312685335986316 -0.06752556096762419 -0.297012846916914
-0.15086669148877263 0.8467174246907234 -0.5814188881777227
0.48926887614652514 0.43351869750767946 -0.5456664767116308
0.6971938647329807 -0.8264789516106248 -0.4645171882584691
-0.5827488601207733 -0.08168465504422784 0.14390471670776606
-0.4037887267768383 0.6457556178793311 0.07174228923395276
0.49780335277318954 0.6781496559269726 0.11585711967200041
0.1421007737517357 -0.8131153783760965 0.3843603231944144
0.672387270256877 0.09081094851717353 0.4001133064739406
0.8407493680715561 -0.2752862339839339 -0.13584357174113393
-0.4331863974221051 0.6954459669068456 -0.15878195315599442
0.609700663946569 -0.23500408977270126 0.10674765845760703
-0.6284738518297672 -0.17194402357563376 0.5452857194468379
0.2217605342157185 -0.5896530975587666 -0.2452767905779183
