3.6593191139400005 8.262319937348366 -1.9508879771456122
-1.3032413646578789 -8.191452203318477 -0.8630010997876525
9.938459107652307 1.044978629797697 -4.57322062458843
-4.718677848577499 9.129055845551193 7.833520439453423
8.795315506868064 -8.250467428006232 -5.5344730615615845
0.41795360390096903 3.90379685908556 -6.967232367023826
-9.627432166598737 3.6642235005274415 -9.0516127506271
9.465369051322341 -9.802553332410753 9.853567858226597
8.940763659775257 -3.0885301530361176 6.236881911754608
2.8017647145316005 5.758459623903036 -3.214457374997437
-7.096540522761643 0.9330162452533841 -8.610871732234955
-5.936828050762415 8.261855682358146 9.906647447496653
-8.685836642980576 8.463854677975178 -8.314106073230505
9.89192521199584 -2.859711805358529 -6.76193913910538
-8.42742104548961 4.342349991202354 2.934363540261984
-1.2537798658013344 4.528248943388462 -4.179598726332188
-5.768695818260312 1.2591494992375374 8.231381494551897
1.6546160774305463 3.0889043817296624 2.180354888550937
2.170248134061694 0.34392091911286116 8.959658574312925
-4.561078096739948 -2.4484883341938257 0.8860263181850314
5.3105603670701385 -1.1465404136106372 1.9984878646209836
1.6227112989872694 9.132775645703077 -4.394153072498739
7.367732934653759 8.535552783869207 9.147476749494672
1.6190289938822389 5.0719174556434155 -3.758517587557435
7.581680775620043 5.8364188857376575 1.1917862063273787
0.9138047276064754 7.023127907887101 -2.12255678139627
0.5502215679734945 7.34672948718071 -9.76419701706618
2.56296097766608 -1.4573893835768104 -5.620951293967664
5.130483112297952 -9.30484632961452 2.943816320039332
5.5633627297356725 0.8423048304393888 0.6830892665311694
7.173736346885562 -9.542543599382043 -2.8007015120238066
9.839056455530226 6.755769606679678 0.30096856877207756
-0.10334101039916277 7.54764914046973 -3.915710048750043
-5.431643705815077 -4.1079129837453365 4.536318946629763
-1.9044800894334912 -5.97572507802397 5.810101223178208
4.262435752898455 5.243606362491846 -5.225368095561862
-2.0200447971001267 5.95971199683845 1.4871606603264809
7.192806350067258 -2.67534751445055 -4.103408334776759
2.327202553860843 6.80712700355798 2.624007062986493
3.565468159504235 -2.930146879516542 0.4620179673656821
-3.0457408213987947 -5.770889879204333 -2.4476207699626684
-2.939920900389552 2.7331662736833096 -9.285847675055265
8.930474142543972 4.567007035948336 -2.5832414673641324
-3.125567501410842 -2.7142332773655653 -5.736771891824901
-6.096533653326333 5.8372812904417515 -6.06442398391664
-7.732699052430689 7.813224666751921 1.0032414644956589
1.0243171826004982 -1.1891464376822114 -9.50531623326242
6.181405317038298 -0.3859430877491832 -5.982339750044048
-9.320980380289257 -6.233884301036596 8.80739999935031
7.971947975456715 6.759905409999192 -8.682425613515079
8.123767161741853 -3.399294731207192 4.651042716577649
7.162504270672798 -6.53467645868659 -6.442144182510674
-3.007770199328661 0.11948229745030403 3.3306534960865974
-0.40504224598407745 6.587232700549066 0.20240684039890766
2.6011831732466817 9.074612120166421 4.932184973731637
-1.7694688541814685 6.158286361023784 3.566121617332101
9.04677118640393 4.486536434851587 4.83646203763783
-5.257760086096823 -5.378024824894965 3.931171828880906
6.647031167522073 -5.652273227460682 0.6211124267429113
8.416033019311726 -9.617707948200405 3.970601079054177
-4.720354010351002 3.9679088070988655 -7.39158024545759
2.1661900356411934 6.180316358804703 0.815876591950655
2.150996825657785 -6.677849944680929 -8.40859844814986
0.007189344614744186 -3.008806724101305 -0.11536008678376675
6.544278175570071 4.4550769263878465 -2.590770232491195
-0.7142588356509805 -8.891218970529735 2.4809234822168946
-1.3411216484382749 -9.259938020259142 -4.493204425089061
-5.946138007566333 -1.1770708533003926 3.167304522357881
-4.502807543613017 6.900654453784227 9.957012007944286
-1.1774129047989845 2.040156116709113 -4.567983844317496
9.09439014736563 0.6104796892032027 -0.10816894471645355
-0.40429777931421995 2.148304060101509 3.4656369872391224
-2.319491021335125 -9.42466624546796 3.9850915083661675
-0.5557311046868563 8.621674929745495 -1.3784550409764051
1.1465925071388483 4.585685324855149 -9.083134410902858
2.980126291513443 0.40050953160971403 -7.3860151041299105
0.2266522217541933 -6.559820468537509 -5.0427599204704165
5.119584160856903 -7.229601731523871 4.21475715469569
-2.2077434323728085 4.6303498931229115 -6.667379303835332
-0.6477258913218975 9.492882057093084 7.718188348226249
9.018813776783645 -0.5845269514247775 -7.211498902179301
7.282373090274632 7.110956031829119 4.297400703653693
-7.133834031410515 6.214560833759606 -5.483031561598182
-5.710496148094535 6.340970564633608 -1.6288990154862404
3.114941781386733 -5.523546421900392 1.6282416228204966
6.105255326256156 7.097376007586718 -3.6309131141752005
8.108221385627985 2.874590801075101 1.3277726946398616
8.631280791014433 9.711676347069442 -4.566131131723523
4.218798214569688 -4.44271557033062 -8.852966572158039
9.24515797290951 -2.4225820135325193 -7.618509484454989
6.682483875192702 -5.058495658449829 8.144502048380673
-8.244416327215731 4.332683840766549 6.91041593439877
8.461964097805321 2.962740045040846 -8.404836016707122
-5.810322207398713 6.278764749877155 -4.129404393024743
-2.906589047051966 2.0234578428789973 -7.671409477479756
-3.995400913991034 8.773727719672024 -2.169522838667035
-6.325655314140022 0.07913344074040651 -3.88837190810591
2.2200216818600893 -4.447786323726177 -2.9423015797510743
-1.8355055851861835 -4.509111135266721 9.9758096691221
-8.675183039158583 1.0639912029728293 -8.550156513229012
