-51.00 -48.00 10.00
-5.00 14.00 30.00
-34.00 5.00 45.00
-6.00 -81.00 22.00
-23.00 -9.00 -24.00
-33.00 -45.00 -14.00
-39.00 -70.00 31.00
-48.00 -35.00 -16.00
-7.00 -48.00 21.00
-28.00 -88.00 5.00
-22.00 27.00 -10.00
-13.00 -70.00 0.00
-6.00 31.00 -9.00
-54.00 -29.00 -7.00
-23.00 -34.00 -11.00
-7.00 -33.00 55.00
-44.00 10.00 16.00
-39.00 34.00 -7.00
-42.00 25.00 6.00
-10.00 -82.00 10.00
-42.00 -27.00 42.00
-6.00 -25.00 39.00
-38.00 -13.00 42.00
-9.00 -61.00 37.00
-5.00 33.00 7.00
-30.00 39.00 19.00
-10.00 21.00 42.00
-22.00 -66.00 46.00
-50.00 -16.00 1.00
-50.00 -42.00 33.00
-7.00 60.00 -3.00
-29.00 9.00 -26.00
-41.00 -25.00 12.00
-34.00 -5.00 4.00
-12.00 -22.00 10.00
-12.00 3.00 13.00
-25.00 -4.00 4.00
-20.00 -7.00 2.00
-23.00 -25.00 -8.00
-22.00 -8.00 -13.00
-9.00 7.00 -2.00
49.00 -43.00 12.00
3.00 15.00 29.00
33.00 6.00 46.00
6.00 -81.00 23.00
21.00 -8.00 -25.00
31.00 -44.00 -14.00
41.00 -65.00 31.00
46.00 -32.00 -17.00
5.00 -48.00 22.00
29.00 -86.00 6.00
21.00 27.00 -10.00
12.00 -69.00 1.00
4.00 35.00 -8.00
53.00 -27.00 -7.00
22.00 -33.00 -11.00
6.00 -30.00 55.00
43.00 10.00 17.00
39.00 34.00 -5.00
43.00 24.00 9.00
10.00 -82.00 11.00
40.00 -25.00 43.00
4.00 -23.00 38.00
36.00 -12.00 43.00
8.00 -60.00 37.00
4.00 32.00 7.00
30.00 40.00 20.00
9.00 23.00 42.00
21.00 -65.00 48.00
49.00 -12.00 0.00
48.00 -36.00 34.00
8.00 60.00 -5.00
27.00 10.00 -25.00
41.00 -23.00 12.00
33.00 -3.00 3.00
9.00 -21.00 10.00
11.00 5.00 13.00
23.00 -3.00 4.00
17.00 -7.00 3.00
23.00 -24.00 -8.00
20.00 -8.00 -12.00
7.00 7.00 -2.00
