title
0.7984122382476926
0.40710125071927905
0.03854354075156152
0.7798275430686772
0.0871941945515573
0.22718018922023475
0.9505139517132193
0.5862957672215998
0.04228912037797272
0.5076501648873091
0.8447370301000774
0.5595719793345779
0.2851378545165062
0.9709087698720396
0.43229557923041284
0.30245407251641154
0.19251336413435638
0.9462570997420698
0.8194111839402467
0.9877413176000118
0.03218230209313333
0.49132104753516614
0.4678755421191454
0.7409398255404085
0.20982712227851152
0.32351014856249094
0.7913405608851463
0.8781448947265744
0.1415911498479545
0.042652606032788754
0.9880898131523281
0.14616227056831121
0.33257317054085433
0.1927154059521854
0.53104910813272
0.6388939865864813
0.25162517814897
0.8380669739563018
0.26346748997457325
0.3828460117802024
0.7320967935957015
0.6191827319562435
0.8571036080829799
0.7093081616330892
0.0015176257584244013
0.43163138115778565
0.20576895936392248
0.05757117550820112
0.7940411902964115
0.5005083824507892
0.2972771741915494
0.946975169936195
0.7786798276938498
0.7034163500647992
0.785177085082978
0.8358200076036155
0.9682095805183053
0.8882696756627411
0.5921420310623944
0.3945862175896764
0.38670115964487195
0.09738801000639796
0.8964922851882875
0.6400611037388444
0.5360903071705252
0.8253493732772768
0.1701298716943711
0.4949878759216517
0.5336489016190171
0.7668771382886916
0.9250678652897477
0.11645941133610904
0.9395697817672044
0.2976870813872665
0.4958871593698859
0.800586951430887
0.6458528460934758
0.7786662760190666
0.3454725972842425
0.839717733906582
0.001810664776712656
0.6947133566718549
0.4802351212128997
0.6408309822436422
0.17737194220535457
0.12431285995990038
0.1434781898278743
0.6745293640997261
0.5407854714430869
0.2954317235853523
0.6690195535775274
0.26572485896758735
0.05351002840325236
0.6296946764923632
0.22531858016736805
0.5356129449792206
0.9075323627330363
0.9445868930779397
0.028477381682023406
0.6262745126150548