-28.896376630291343 40.3526850277558 -0.021252059377729893
-10.305288759991527 -49.57368259783834 36.65747146587819
-38.795988843776286 -36.01563947740942 -30.644509894773364
10.939087579026818 -14.039108366705477 32.564703514799476
-15.121473488397896 5.280452570877969 49.72034189850092
3.0743102775886655 -14.20956610236317 49.10178710706532
-44.48405473958701 4.175028018653393 23.245838307775557
-23.431598860770464 -25.43938390444964 -16.030021593905985
19.922322314232588 -49.24797106068581 4.942619102075696
-39.732263097539544 -9.350264212116599 -38.23883063159883
-6.940094847232103 2.9828530037775636 19.505991810001433
45.31700287479907 8.52038566954434 -26.53311698231846
-33.05452854838222 -27.26204670034349 4.9637977965176105
-48.5208397032693 23.8592395093292 21.7325855512172
-9.520860761404037 -2.6286483742296696 -41.34471786674112
8.81030869204551 -23.171987640671432 -24.92678442504257
0.426078331656754 32.63246121350676 26.879458455368876
-10.490906820632517 1.412463141605258 9.096987708471715
-39.228039141744375 -29.38004992902279 17.170393699780107
16.158705530688167 -11.224224651232362 -7.103755394928157
-33.32662165630609 -18.980698892846704 10.324668907560408
1.996453176252544 -48.23542453814298 -32.2886826004833
-22.41178781259805 -35.4584074113518 15.594782028347254
22.518033627420664 -43.32228826824576 -39.30097131524235
35.641831532120705 -31.18190241511911 46.57238484360278
36.61832162179053 -0.13542231172323227 25.298789865337312
-21.52077399659902 47.15641834773123 -23.780988180078566
-19.01657592970878 -19.81528578326106 -34.582336619496346
35.47678922768682 -1.1357011506333947 -22.62390130199492
49.00021094363183 9.922814881429076 -14.8506318917498
-3.884110623039305 15.144632500596344 15.284221060574055
24.074786552228034 18.421037099324167 -9.625324909575284
-1.8396586179733276 -17.87800034508109 9.871203126385808
31.356077129021287 2.2708090022206306 9.638242051005363
27.625326463021338 36.35394242592156 7.63549127150327
14.275154215283692 36.843423591926694 35.18443279899657
36.2874765181914 26.71614335849881 46.77289293613285
-15.922462870366871 -6.887082848697901 -27.971914340741932
19.270648038946092 0.015061791054904461 16.66145483031869
-37.1168514713645 48.750556469894946 21.546037727966905
40.9132428932935 10.612728213891387 18.166241981089115
-7.765861391089857 34.72692472860217 -29.46320385672152
24.37771635595709 -19.082574942149222 10.434152488596737
-17.19576185569167 10.932616796344519 -47.897257446311414
-22.256292053498328 -33.569803182035685 -25.005091447383165
-5.525536183267832 9.873211476951838 -37.73495587520301
4.686645278707147 41.48837300017476 -22.15330246835947
34.29747091140598 35.81892226357013 -19.588845944963396
-20.26765865739435 21.828253287822008 11.570276296697557
-37.31269589625299 -1.6449926886707544 -31.522756814956665
1.227369299158454 -25.593212991952896 12.082765251398087
-6.463562743738294 27.95614793431014 1.9401952624320984
38.68631129153073 -34.19979314785451 29.471659241244197
13.325092475861311 3.1264981953427196 11.172021133825183
-22.98510018736124 32.13774156756699 -20.83071689121425
-15.720191155560315 6.044819159433246 32.8646149719134
10.186828812584281 40.21709538064897 -37.80008142348379
30.03616430796683 -8.374964422546327 -39.13560013752431
44.02130674570799 35.041701258160174 -47.82852763310075
22.398937889374793 -6.675338861532509 6.6827957751229405
35.20178617909551 30.616884352639318 -6.373382732272148
-43.75956023577601 -43.077621748670936 44.319564080797136
26.228490052744746 -27.215778594836593 46.622854517772794
45.59292239136994 -4.421691549941897 47.69224147312343
37.49338071793318 -35.68215942941606 15.383450384251773
-1.655313279479742 17.90603962726891 -15.623555378988385
49.93254439905286 21.435509156435728 32.89123750291765
-17.88166321348399 -35.59671419207007 40.79880437348038
31.521939695812762 9.543616627342999 29.953640676103532
19.0240589203313 -40.927414037287235 25.43317547533661
-11.722508654929698 -0.8441258920356631 19.106977968476713
36.224424350075424 -5.6826922576874495 -6.97604208253324
-20.828121225349605 28.54167844634503 -37.559441197663546
-26.343571906909347 -34.293052298016846 33.373271534219384
-39.54882468096912 -0.13725566677749157 -23.16843036096543
27.634086459875107 -7.603370491415262 -18.9274717355147
-19.692777190357447 -6.118771084584296 36.835855804383755
-7.983582280576229 5.704147811047733 -0.09221476502716541
-12.882276461459696 -16.679774224758148 3.436734131537378
15.281914011575282 -6.658137287013233 7.352188904769719
12.796496995724738 -21.97183622047305 0.28511760756373405
-25.13153983745724 20.325920241884887 11.308471439406276
-42.20900423824787 13.568574143573642 -14.738517068326473
5.4642369505018 -21.27172234468162 26.0900474851951
-48.816127865575254 -7.577774650417268 0.22454457357525826
5.875028716400266 -16.535354731604457 22.198811220005155
-2.0848057931289077 -38.48974835127592 -16.843352559953928
-47.3484783899039 46.765222353860736 26.14313254598528
32.80753390863538 -29.72318804822862 46.87843469437212
-33.14951572101563 -12.783876550383866 34.96844854671508
15.986952860839665 12.37460735719651 -40.30809511896223
-6.689241388812661 41.82637417688966 -17.708970280364156
-24.328258517198265 13.986763614229858 28.357980167493224
43.11614804901183 39.23322199843824 26.27955856733024
-20.733060222119093 43.410714622586966 35.46568064484745
0.22768545895814896 -27.258882555179298 -30.854948703199625
16.74909193534404 22.551321680657566 -37.749233399517834
33.05873339995742 -7.8885904513299465 37.89590846281499
12.089283135719597 21.050256327725947 -10.442183236591518
-19.820059719495475 -14.757764316163957 -33.859424572438
