-66.000 -126.000 -88.000
-118.000 -124.000 -88.000
-46.000 -186.000 -36.000
-136.000 -186.000 -32.000
-82.000 -204.000 -64.000
-106.000 -198.000 -62.000
-78.000 -114.000 -62.000
-104.000 -114.000 -62.000
-86.000 -90.000 -58.000
-98.000 -88.000 -56.000
-84.000 -140.000 -30.000
-98.000 -134.000 -32.000
-84.000 -168.000 -46.000
-98.000 -168.000 -50.000
-84.000 -206.000 -44.000
-104.000 -204.000 -44.000
-42.000 -112.000 -52.000
-140.000 -110.000 -50.000
-54.000 -94.000 -84.000
-130.000 -94.000 -84.000
-44.000 -96.000 -58.000
-140.000 -96.000 -58.000
-84.000 -72.000 -78.000
-98.000 -74.000 -78.000
-56.000 -92.000 -36.000
-60.000 -74.000 -80.000
-122.000 -72.000 -82.000
-128.000 -92.000 -38.000
-72.000 -90.000 -30.000
-84.000 -76.000 -40.000
-98.000 -74.000 -42.000
-74.000 -78.000 -84.000
-108.000 -78.000 -86.000
-112.000 -94.000 -26.000
-48.000 -144.000 -62.000
-136.000 -142.000 -60.000
-64.000 -146.000 -82.000
-118.000 -144.000 -82.000
-54.000 -118.000 -68.000
-128.000 -118.000 -68.000
-76.000 -192.000 -76.000
-106.000 -192.000 -76.000
-58.000 -206.000 -56.000
-128.000 -204.000 -52.000
-74.000 -210.000 -44.000
-114.000 -206.000 -40.000
-82.000 -110.000 -84.000
-98.000 -110.000 -82.000
-72.000 -126.000 -72.000
-110.000 -126.000 -72.000
-82.000 -150.000 -2.000
-98.000 -156.000 -4.000
-46.000 -172.000 -24.000
-136.000 -172.000 -22.000
-66.000 -184.000 -12.000
-116.000 -184.000 -10.000
-48.000 -148.000 -22.000
-132.000 -150.000 -18.000
-52.000 -130.000 -20.000
-132.000 -134.000 -20.000
-82.000 -182.000 -24.000
-100.000 -182.000 -28.000
-66.000 -122.000 -68.000
-118.000 -120.000 -68.000
-42.000 -134.000 -58.000
-142.000 -132.000 -56.000
-84.000 -120.000 -10.000
-98.000 -126.000 -10.000
-34.000 -158.000 -40.000
-148.000 -156.000 -36.000
-34.000 -158.000 -74.000
-148.000 -162.000 -72.000
-50.000 -110.000 -92.000
-138.000 -110.000 -88.000
-36.000 -146.000 -64.000
-148.000 -148.000 -64.000
-78.000 -142.000 -64.000
-102.000 -142.000 -64.000
