title
0.953034954611212
0.2129894308745861
0.3308710725978017
0.39810199849307537
0.8665979837533087
0.7706271093338728
0.420083939563483
0.15457989810965955
0.04032667702995241
0.8989242988172919
0.3678106756415218
0.6425734385848045
0.509662255179137
0.325194536941126
0.13658299087546766
0.652485296363011
0.2714331161696464
0.9423254705034196
0.13630905281752348
0.8701880723237991
0.350858504883945
0.9808307893108577
0.2757487208582461
0.8904753532260656
0.29344181437045336
0.0001472034491598606
0.5567867232020944
0.7065451839007437
0.12289722077548504
0.9783900340553373
0.19447814160957932
0.6221711004618555
0.6319319596514106
0.8238196827005595
0.4097863601054996
0.4659286376554519
0.7787880909163505
0.49689915031194687
0.09059990360401571
0.5002087967004627
0.6014257704373449
0.8334495357703418
0.9995625482406467
0.25091926055029035
0.2819519203621894
0.6618661661632359
0.5077444075141102
0.6658864361234009
0.925360769033432
0.31588521832600236
0.4302140846848488
0.706467563053593
0.7124990483280271
0.45931887230835855
0.46173702366650105
0.13552499539218843
0.4319320993963629
0.7449601988773793
0.555449865758419
0.7012550910003483
0.6572921827901155
0.0883044432848692
0.2769358672667295
0.10398292378522456
0.7163975222501904
0.44812556309625506
0.8028078752104193
0.5245291038881987
0.3322262621950358
0.9691455881111324
0.5317911945749074
0.3331900916527957
0.303440326359123
0.047786827431991696
0.4715729062445462
0.4721032807137817
0.9426391925662756
0.6938347178511322
0.05745383817702532
0.0025067650713026524
0.1348349549807608
0.9253824439365417
0.4448978111613542
0.535708767361939
0.8937643570825458
0.5149027013685554
0.7590639695990831
0.06053771171718836
0.5938751844223589
0.5300764755811542
0.4169571306556463
0.6896257915068418
0.9808330591768026
0.3689512882847339
0.29880412807688117
0.4223721190355718
0.2921666158363223
0.7616175375878811
0.943630559835583
0.6560353206004947