7.000 27.000 26.000
-18.000 -94.000 -7.000
63.000 -45.000 -17.000
-19.000 -57.000 72.000
-56.000 -11.000 -23.000
53.000 -40.000 55.000
44.000 22.000 -35.000
-39.000 56.000 -3.000
-52.000 -4.000 48.000
12.000 -46.000 8.000
64.000 2.000 14.000
-52.000 -59.000 24.000
15.000 66.000 -9.000
36.000 -88.000 9.000
6.000 -13.000 76.000
-21.000 14.000 -35.000
24.000 -76.000 50.000
-32.000 43.000 39.000
29.000 -19.000 -20.000
-30.000 -6.000 4.000
-37.000 -48.000 -15.000
39.000 16.000 56.000
-15.000 -85.000 39.000
43.000 48.000 20.000
-11.000 -26.000 47.000
54.000 -60.000 27.000
-55.000 23.000 16.000
5.000 62.000 29.000
2.000 30.000 62.000
18.000 34.000 -15.000
14.000 -44.000 79.000
63.000 -7.000 -20.000
37.000 -15.000 19.000
33.000 -57.000 -11.000
-48.000 -40.000 55.000
-62.000 -28.000 12.000
-23.000 -2.000 73.000
-31.000 30.000 -3.000
9.000 -75.000 14.000
12.000 -41.000 49.000
49.000 41.000 -9.000
-48.000 18.000 -25.000
-9.000 56.000 -17.000
-34.000 -12.000 -30.000
-62.000 -47.000 -12.000
68.000 -23.000 8.000
25.000 40.000 51.000
47.000 3.000 -9.000
-16.000 -58.000 36.000
6.000 -8.000 4.000
-46.000 -72.000 -4.000
-33.000 16.000 42.000
9.000 -10.000 50.000
60.000 -9.000 40.000
-16.000 -29.000 78.000
-21.000 66.000 5.000
21.000 -67.000 25.000
44.000 15.000 32.000
30.000 -37.000 -1.000
40.000 -17.000 67.000
-47.000 -38.000 16.000
0.000 42.000 17.000
26.000 6.000 -40.000
-40.000 -65.000 48.000
48.000 -61.000 46.000
-1.000 -64.000 59.000
-16.000 -33.000 -1.000
20.000 -93.000 -8.000
53.000 -27.000 33.000
20.000 64.000 20.000
52.000 -65.000 -6.000
16.000 -85.000 31.000
-15.000 -80.000 -7.000
-47.000 -3.000 -7.000
59.000 29.000 2.000
-7.000 46.000 37.000
44.000 -3.000 -38.000
-49.000 21.000 37.000
-19.000 6.000 -11.000
-33.000 56.000 13.000
38.000 43.000 11.000
19.000 25.000 53.000
-43.000 -32.000 41.000
-29.000 -90.000 5.000
58.000 15.000 -14.000
-9.000 -18.000 10.000
-55.000 7.000 24.000
-34.000 -20.000 69.000
-51.000 -21.000 -15.000
9.000 -36.000 69.000
-14.000 10.000 59.000
-23.000 21.000 62.000
-13.000 11.000 14.000
37.000 -37.000 -19.000
58.000 -10.000 0.000
14.000 51.000 -19.000
-30.000 -50.000 57.000
-58.000 -41.000 36.000
23.000 45.000 26.000
-14.000 -55.000 8.000
56.000 16.000 38.000
41.000 -15.000 49.000
-44.000 35.000 -4.000
-1.000 -86.000 33.000
-50.000 0.000 -33.000
35.000 -53.000 65.000
-8.000 -95.000 18.000
23.000 10.000 13.000
39.000 -82.000 20.000
25.000 6.000 -23.000
14.000 -64.000 -6.000
45.000 28.000 42.000
-22.000 -69.000 55.000
62.000 -43.000 3.000
-38.000 -66.000 19.000
18.000 -39.000 -5.000
-48.000 44.000 10.000
-4.000 31.000 -18.000
-41.000 17.000 19.000
-12.000 -8.000 68.000
39.000 25.000 -19.000
-3.000 -38.000 41.000
-1.000 -1.000 38.000
-47.000 -57.000 4.000
-36.000 -3.000 55.000
41.000 57.000 5.000
-47.000 -55.000 39.000
24.000 0.000 71.000
-24.000 59.000 28.000
37.000 -83.000 -10.000
57.000 -14.000 18.000
68.000 -28.000 -15.000
-6.000 13.000 71.000
12.000 68.000 12.000
38.000 -37.000 69.000
26.000 -52.000 1.000
-39.000 9.000 56.000
30.000 -13.000 -11.000
17.000 -95.000 8.000
-29.000 29.000 -19.000
38.000 -56.000 41.000
11.000 -64.000 67.000
58.000 -45.000 43.000
-61.000 -8.000 0.000
18.000 57.000 7.000
43.000 -18.000 -25.000
21.000 -80.000 -4.000
-60.000 -41.000 10.000
-6.000 -63.000 16.000
8.000 -22.000 37.000
43.000 7.000 44.000
-41.000 8.000 -25.000
-20.000 51.000 -10.000
15.000 -4.000 20.000
-8.000 -43.000 79.000
13.000 -19.000 10.000
63.000 5.000 0.000
14.000 -69.000 40.000
35.000 2.000 -26.000
-53.000 -38.000 -21.000
-25.000 -39.000 71.000
19.000 -29.000 79.000
-5.000 60.000 -5.000
-39.000 -80.000 27.000
-14.000 -82.000 13.000
-43.000 -13.000 7.000
46.000 -3.000 12.000
66.000 -25.000 32.000
46.000 -55.000 -16.000
-6.000 -96.000 -1.000
30.000 33.000 33.000
-65.000 -28.000 -11.000
-22.000 38.000 33.000
-59.000 -22.000 31.000
10.000 54.000 42.000
-55.000 -27.000 47.000
-23.000 1.000 -38.000
-32.000 -8.000 -16.000
-4.000 17.000 -10.000
58.000 26.000 23.000
25.000 -20.000 63.000
29.000 55.000 -12.000
49.000 -47.000 19.000
54.000 9.000 -33.000
-39.000 15.000 -1.000
35.000 -78.000 36.000
-12.000 -44.000 67.000
36.000 -4.000 55.000
9.000 9.000 69.000
29.000 21.000 -32.000
44.000 21.000 8.000
48.000 -11.000 59.000
-35.000 -20.000 20.000
64.000 -42.000 23.000
51.000 -33.000 -12.000
10.000 -50.000 58.000
-10.000 24.000 44.000
49.000 -66.000 13.000
46.000 -25.000 13.000
-1.000 -20.000 52.000
-58.000 3.000 -21.000
4.000 30.000 49.000
-35.000 14.000 -37.000
29.000 52.000 36.000
-2.000 41.000 -4.000
-29.000 -84.000 -10.000
-28.000 -27.000 -18.000
-9.000 -42.000 14.000
-43.000 0.000 38.000
41.000 -34.000 51.000
-35.000 -58.000 61.000
-31.000 -63.000 -8.000
-7.000 63.000 19.000
-4.000 33.000 23.000
-47.000 32.000 27.000
-48.000 -59.000 -15.000
53.000 44.000 8.000
-23.000 -71.000 35.000
12.000 -52.000 32.000
-36.000 -35.000 53.000
-50.000 3.000 12.000
-9.000 35.000 48.000
2.000 -86.000 16.000
-4.000 -63.000 46.000
8.000 -78.000 30.000
-2.000 12.000 51.000
11.000 16.000 50.000
-3.000 -59.000 29.000
-3.000 -11.000 65.000
-54.000 4.000 0.000
-26.000 48.000 21.000
55.000 -13.000 27.000
31.000 36.000 -15.000
54.000 18.000 12.000
23.000 14.000 2.000
48.000 -16.000 -5.000
52.000 -48.000 -3.000
-40.000 -45.000 39.000
12.000 50.000 29.000
0.000 -47.000 35.000
-33.000 27.000 11.000
4.000 -25.000 70.000
-18.000 -48.000 -3.000
-51.000 -16.000 0.000
22.000 14.000 56.000
8.000 4.000 59.000
8.000 -23.000 50.000
-4.000 46.000 6.000
30.000 -63.000 57.000
21.000 -72.000 5.000
-28.000 9.000 3.000
-11.000 -43.000 57.000
5.000 -77.000 43.000
-20.000 -82.000 23.000
12.000 36.000 55.000
14.000 22.000 -9.000
33.000 -69.000 31.000
11.000 -57.000 43.000
-51.000 -48.000 -5.000
-12.000 54.000 24.000
-30.000 47.000 -7.000
-34.000 -68.000 34.000
-30.000 -47.000 48.000
41.000 13.000 -28.000
4.000 61.000 3.000
-51.000 -31.000 -9.000
-34.000 -13.000 53.000
-33.000 43.000 10.000
2.000 48.000 -15.000
46.000 -3.000 38.000
15.000 -44.000 67.000
-48.000 26.000 -8.000
-2.000 -78.000 5.000
48.000 -10.000 -23.000
41.000 6.000 10.000
-57.000 -6.000 19.000
-49.000 11.000 -9.000
53.000 -36.000 39.000
43.000 26.000 26.000
7.000 -63.000 17.000
-27.000 -30.000 59.000
-16.000 26.000 -4.000
48.000 -35.000 11.000
41.000 -43.000 58.000
34.000 26.000 -10.000
37.000 13.000 -6.000
-3.000 38.000 36.000
-9.000 2.000 53.000
59.000 -17.000 -7.000
-16.000 -18.000 70.000
-16.000 -12.000 5.000
-43.000 20.000 48.000
-27.000 7.000 -26.000
7.000 0.000 47.000
-48.000 -46.000 29.000
60.000 4.000 -9.000
-34.000 -75.000 11.000
20.000 12.000 -14.000
32.000 23.000 43.000
42.000 -74.000 12.000
-16.000 10.000 -20.000
12.000 46.000 2.000
59.000 -53.000 5.000
39.000 -25.000 45.000
-49.000 -24.000 32.000
-24.000 31.000 55.000
-14.000 13.000 4.000
50.000 25.000 2.000
-34.000 0.000 65.000
-16.000 -66.000 -5.000
-13.000 24.000 -19.000
16.000 24.000 63.000
25.000 -59.000 66.000
3.000 18.000 -2.000
58.000 -31.000 -19.000
9.000 41.000 42.000
34.000 29.000 4.000
35.000 -11.000 4.000
25.000 -64.000 45.000
-51.000 -25.000 8.000
-28.000 -74.000 42.000
26.000 -4.000 61.000
63.000 11.000 20.000
8.000 15.000 35.000
23.000 -59.000 10.000
3.000 66.000 -6.000
-39.000 -30.000 -14.000
44.000 -48.000 42.000
4.000 -66.000 2.000
33.000 -77.000 -2.000
-57.000 13.000 8.000
27.000 -87.000 29.000
-37.000 33.000 44.000
-1.000 -32.000 76.000
9.000 -42.000 17.000
-21.000 -19.000 79.000
0.000 -32.000 52.000
-39.000 -30.000 8.000
29.000 -10.000 -28.000
-53.000 -60.000 -2.000
66.000 -13.000 17.000
-56.000 16.000 29.000
-14.000 -77.000 52.000
-54.000 -61.000 14.000
59.000 -18.000 48.000
-37.000 49.000 20.000
-31.000 -88.000 15.000
-7.000 1.000 33.000
54.000 -21.000 -24.000
52.000 6.000 17.000
-10.000 -64.000 56.000
-62.000 -48.000 4.000
7.000 -2.000 67.000
-44.000 -19.000 63.000
30.000 61.000 19.000
0.000 -88.000 -5.000
-50.000 2.000 -15.000
-22.000 -53.000 5.000
22.000 -29.000 66.000
38.000 18.000 27.000
-43.000 42.000 -10.000
-36.000 11.000 31.000
-58.000 -36.000 27.000
-12.000 -74.000 20.000
-27.000 23.000 -11.000
56.000 -30.000 12.000
18.000 -27.000 9.000
-7.000 -53.000 67.000
-63.000 -18.000 13.000
29.000 -67.000 -11.000
26.000 -75.000 22.000
-38.000 9.000 9.000
33.000 -38.000 56.000
-1.000 -53.000 48.000
-15.000 48.000 43.000
53.000 21.000 -20.000
7.000 -52.000 68.000
45.000 41.000 27.000
-15.000 59.000 13.000
-14.000 18.000 54.000
16.000 -55.000 22.000
0.000 -37.000 31.000
-5.000 60.000 36.000
-9.000 28.000 64.000
14.000 19.000 10.000
-26.000 -35.000 -14.000
8.000 29.000 -16.000
-32.000 -71.000 -3.000
60.000 -6.000 -28.000
2.000 39.000 -12.000
-46.000 -8.000 33.000
-30.000 30.000 35.000
41.000 -66.000 52.000
-22.000 -56.000 52.000
-27.000 -4.000 13.000
-28.000 -15.000 -12.000
-57.000 -2.000 38.000
11.000 -5.000 76.000
46.000 31.000 -12.000
5.000 51.000 15.000
-62.000 -31.000 -4.000
-4.000 19.000 36.000
34.000 -33.000 -10.000
-38.000 -26.000 54.000
11.000 42.000 22.000
41.000 6.000 -1.000
28.000 -38.000 72.000
-24.000 -14.000 -26.000
-43.000 42.000 26.000
-45.000 9.000 48.000
47.000 12.000 52.000
-9.000 -15.000 19.000
-15.000 -60.000 25.000
31.000 -11.000 71.000
58.000 -59.000 16.000
-35.000 -38.000 68.000
-45.000 -4.000 15.000
35.000 -75.000 45.000
-24.000 59.000 -4.000
-42.000 -55.000 29.000
39.000 37.000 42.000
35.000 53.000 -8.000
-50.000 -48.000 50.000
-44.000 -71.000 13.000
-42.000 -5.000 -35.000
-21.000 54.000 36.000
68.000 -34.000 9.000
26.000 32.000 43.000
52.000 4.000 39.000
53.000 -29.000 57.000
15.000 -76.000 53.000
45.000 -65.000 4.000
-15.000 42.000 52.000
69.000 -20.000 -8.000
-12.000 -98.000 8.000
-16.000 -27.000 -7.000
-39.000 26.000 23.000
-12.000 70.000 5.000
-26.000 -2.000 54.000
48.000 -74.000 -2.000
33.000 52.000 28.000
-34.000 25.000 -27.000
-59.000 -20.000 -22.000
21.000 67.000 1.000
47.000 -21.000 50.000
-18.000 -3.000 -20.000
20.000 -29.000 -10.000
-34.000 15.000 -21.000
-63.000 -13.000 -8.000
1.000 -67.000 24.000
-40.000 -80.000 -2.000
-24.000 7.000 65.000
61.000 9.000 33.000
54.000 -57.000 -15.000
21.000 -3.000 -18.000
53.000 33.000 27.000
35.000 6.000 -35.000
-13.000 38.000 -18.000
-61.000 -13.000 30.000
27.000 -51.000 59.000
51.000 -13.000 4.000
-11.000 -74.000 -1.000
46.000 -42.000 -21.000
31.000 -94.000 1.000
59.000 -36.000 -8.000
44.000 -54.000 23.000
34.000 62.000 5.000
42.000 35.000 2.000
57.000 -54.000 39.000
28.000 23.000 57.000
22.000 -19.000 78.000
-42.000 30.000 11.000
-52.000 -20.000 53.000
10.000 -82.000 8.000
-44.000 -67.000 39.000
-28.000 -47.000 -12.000
15.000 -84.000 -9.000
-6.000 -77.000 34.000
45.000 -75.000 27.000
67.000 -6.000 -2.000
15.000 -64.000 49.000
-46.000 -19.000 14.000
-4.000 -72.000 40.000
27.000 10.000 67.000
11.000 32.000 42.000
51.000 -3.000 55.000
31.000 5.000 55.000
3.000 69.000 14.000
-47.000 -45.000 -21.000
22.000 48.000 45.000
-22.000 -87.000 31.000
-50.000 0.000 25.000
-44.000 -24.000 -22.000
20.000 55.000 -1.000
46.000 50.000 -8.000
2.000 50.000 49.000
54.000 -36.000 28.000
14.000 -64.000 1.000
25.000 -84.000 6.000
26.000 -6.000 1.000
58.000 34.000 10.000
-52.000 24.000 7.000
22.000 -49.000 78.000
48.000 49.000 5.000
19.000 -37.000 47.000
-43.000 -21.000 43.000
-31.000 23.000 56.000
6.000 24.000 34.000
19.000 -90.000 22.000
-8.000 3.000 75.000
-2.000 -34.000 65.000
