6 8 10.178 0
2 38 1861.5 0.42521
6 30 1325.7 0.72444
9 9 67.52 0.64198
4 2 8.8858 0.5
2 2 0 0
8 8 195.48 0.59375
9 9 41.184 0.61728
1 2 16.066 0
6 15 419.56 0.43556
1 10 85.45 0
6 7 6.2928 0.2449
1 13 1357.3 0.27219
1 9 160.14 0.19753
1 1 0 0
4 9 8.8796 0.19753
1 3 0 0
8 7 7.3051 0.2449
8 5 894.07 0.72
6 17 283.27 0.54671
2 15 515.57 0.43556
6 5 334.97 0.56
2 4 5.9599 0.375
1 6 6.1906 0
2 33 875.43 0.34527
2 22 830.18 0.55372
4 9 116.94 0.49383
2 8 85.705 0.53125
2 4 34.079 0.375
8 2 3.9169 0.5
8 6 11.875 0.5
2 3 0 0
9 9 23.965 0.61728
8 7 48.977 0.40816
3 0 0 0
2 4 0.13333 0
1 1 0 0
2 7 52.112 0.69388
1 1 0 0
6 12 59.554 0.54167
4 14 381.62 0.56122
9 18 374.56 0.75926
4 13 132.13 0.35503
9 1 0 0
1 14 1657.4 0
6 8 103.33 0.71875
6 17 195.79 0.59516
1 4 0 0
6 8 74.356 0.46875
6 20 313.38 0.53
8 19 302.4 0.55956
8 4 10.809 0.375
9 26 942.74 0.65385
4 5 14.428 0
2 7 19.858 0.2449
4 1 0 0
8 1 0 0
8 7 26.053 0.61224
9 6 34.503 0.61111
6 19 371.71 0.55956
5 0 0 0
4 13 373.66 0.47337
2 2 0 0
2 7 84.405 0.40816
8 23 886.7 0.73346
2 6 7.3684 0.27778
4 7 203.82 0.61224
2 7 31.164 0.2449
9 7 24.602 0.4898
6 3 18.209 0.44444
8 1 0 0
9 22 1116 0.78512
8 10 404.47 0.48
2 3 9.5727 0.44444
8 15 242.42 0.58667
2 8 37.162 0.21875
2 7 36.699 0.4898
2 5 0.59175 0
8 8 60.252 0.65625
4 7 248.97 0.44898
1 2 111.7 0.5
1 5 1023 0.8
1 6 952.32 0.5
2 39 1347.6 0.40894
2 1 0 0
1 2 0 0
6 7 9.6443 0.4898
2 5 5.9629 0.32
4 8 8.1263 0.375
7 0 0 0
9 6 19.684 0.61111
6 15 170.58 0.43556
2 28 462.08 0.55867
8 23 550.21 0.58979
4 14 1017.8 0.72449
8 11 266.23 0.64463
8 2 0 0
1 8 335.45 0
6 5 18.315 0.64
2 2 0 0
2 5 2.1248 0.48
9 16 124.77 0.57031
8 3 0.51671 0
4 14 447.59 0.2449
8 5 0.79881 0.32
4 1 0 0
2 5 3.3424 0.32
1 8 210.23 0.21875
2 8 36.359 0.625
8 14 253.11 0.55102
8 12 208.01 0.58333
2 4 14.95 0.375
2 10 64.792 0.54
8 13 776.98 0.3787
6 35 1476.2 0.67755
6 4 1.4229 0
1 4 70.961 0
8 8 91.603 0.625
8 3 0 0.44444
4 12 75.033 0.48611
6 3 0 0
2 3 0 0
6 26 755.62 0.71302
8 41 3117.7 0.66508
6 24 1102.1 0.59722
2 3 2.587 0.44444
4 12 70.601 0.54167
2 4 37.413 0.375
6 9 36.864 0.51852
1 2 0 0
2 4 12.259 0.375
9 8 29.494 0.625
8 4 37.521 0.5
6 10 15.66 0.48
1 3 163.26 0.44444
4 16 169.3 0.55469
1 1 0 0
1 6 143.72 0.27778
2 3 9.0591 0.44444
6 15 316.28 0.48
6 17 234 0.51903
9 9 17.87 0.37037
10 0 0 0
2 9 208.65 0.61728
8 6 31.397 0.27778
2 20 192.11 0
11 0 0 0
6 3 11.521 0.44444
