0.298 2.000
0.328 2.000
0.331 2.000
0.317 2.000
0.330 2.000
0.290 2.000
0.335 2.000
0.326 2.000
0.318 2.000
0.281 2.000
0.297 2.000
0.282 2.000
0.341 2.000
0.329 2.000
0.289 2.000
0.309 2.000
0.319 1.000
0.345 1.000
0.342 1.000
0.285 2.000
0.326 1.000
0.340 1.000
0.351 1.000
0.305 2.000
0.293 2.000
0.322 1.000
0.332 1.000
0.346 1.000
0.331 1.000
0.357 1.000
0.305 1.000
0.309 2.000
0.286 2.000
0.337 1.000
0.293 2.000
0.334 1.000
0.328 2.000
0.353 1.000
0.341 2.000
0.361 1.000
0.321 2.000
0.323 1.000
0.315 2.000
0.310 2.000
0.304 2.000
0.341 2.000
0.320 2.000
0.316 2.000
0.334 2.000
0.331 2.000
0.338 2.000
0.316 2.000
0.334 2.000
0.334 2.000
0.321 2.000
0.335 2.000
0.301 2.000
0.317 1.000
0.313 1.000
0.345 1.000
0.328 1.000
0.343 1.000
0.355 1.000
0.355 1.000
0.351 1.000
0.353 1.000
0.331 1.000
0.351 1.000
0.366 1.000
0.332 1.000
0.347 1.000
0.333 1.000
0.327 1.000
