-5.194848966784775 7.856291015632451 -2.4713845178484917
-8.371784626506269 6.944897323846817 6.7289253091439605
-4.699350777082145 4.387155123986304 7.298598475754261
7.427354161627591 4.704825300723314 -1.4505613781511784
-3.9806411089375615 0.0985981896519661 8.90524908900261
-9.543557320721447 1.1686211451888084 -1.493730340152979
-0.7806076714769006 -2.5925036892294884 4.831350636668503
-0.7448161114007235 2.9187539778649807 -3.27174783218652
3.1887478567659855 0.0835173623636365 -4.238469931297004
-8.939049732871354 -2.352616717107594 7.40967215038836
8.4170828666538 -5.7409417210146785 5.435713194310665
-7.018502554856241 6.404165560379624 -3.008612305857241
7.146789194084704 5.237549948506057 5.521747064776719
7.655844818800688 5.453098900616169 -9.700653264299035
6.524570710025728 4.167355839163065 8.716666204854846
-8.857498220168054 -9.669195478782058 9.326316760852933
0.9695519926026464 -3.814615751616657 -5.973625392653048
3.800778524018824 -3.007285534404218 8.439893489703536
-1.4349979860708117 -2.334628007374704 -5.88872916996479
-6.147220018319786 -7.589595853351057 8.378006024286151
5.835837502963841 -9.593754457309842 -2.056172643788159
-4.515821053646505 8.863844485022128 6.373723121359944
-8.871056288480759 7.583961114287376 8.448235746473074
-4.45629769936204 4.706188743002713 2.7914510248228908
3.7609490612521768 -1.3996870815753937 -5.352917732670903
-3.81732992362231 2.7658310206606984 -0.7790657412260771
6.0907568875700235 7.826047223061323 -4.09607844427228
-2.72801605053246 0.8895287616178393 5.759196011349559
7.2640524758026 0.5404059728607535 -6.14520079921931
-7.304489961825311 7.544863070361316 4.582388331182301
-7.8483809204772115 5.363441789522767 8.35192896425724
-3.800167986191809 -5.3337010415270925 2.168507748283446
5.262622218579054 -4.657887811772525 -7.700998960062861
0.4413261543959379 6.986091244034469 -8.03329074755311
-8.38085460010916 0.34519033040851355 -6.431396291591227
-8.53368489537388 4.1239216504618526 3.244439563713968
9.042416950687766 7.365489145740867 -6.283984170295298
-8.98221118375659 1.257355553098023 -0.16421676147729158
7.346929805353284 -4.458561358042061 5.8870602725073695
-8.735489472746849 -9.519972018897533 -0.006055766716599464
0.08570641744881868 -6.601213510148227 -7.894863048568368
5.9340808261185884 -2.3238299693912268 -5.778094646520913
-8.802265753038228 2.2628371976315975 4.525141143240035
-3.737651761621237 1.5888636838644743 -3.2026884332299232
6.34702333714813 3.605092721991241 -6.604589172638953
-7.451808750629425 9.798559686169028 -6.332388329319656
2.3207774525508285 -9.35480413492769 5.2929354179650545
-3.0983712943270802 9.159063408151269 7.506488771177828
-4.1805720794945955 -1.45624662283808 -5.466855876147747
3.801970314234495 -0.8584653399884701 -9.729492673650384
7.569964900612831 -4.894522610120475 3.133905758149922
-5.278299651108682 5.4980542697012424 1.0842384165152907
-1.4979224558919668 2.1638191863894463 3.7829978484660387
0.09680905379354954 -1.9727456290274858 0.2834317600354552
-1.6393275558948517 -5.630240957252681 -5.491491812281311
-3.0340912519022822 1.6793092526495457 5.677371406927705
-7.140298527665436 -8.95458699669689 -3.769326815381646
5.639208164066076 3.5707536758854985 -8.561349604278803
-8.332847910933197 4.064079145900905 4.845057972706854
8.691081935539842 9.134125174023211 -0.440220613963902
-4.582590386271477 4.300810233689845 -9.825525553897023
-4.241254981607199 -1.186065380461514 4.068964435718954
-5.151626677252352 9.217989947646856 8.88926018960774
6.844583209604025 1.2147864792495966 -6.134763644076884
-0.040065161883831024 4.757343218661845 2.893753880634904
7.051741513423622 -4.359902301803231 3.054971960373223
9.768127868883312 -8.17111671436578 5.3361358307302
-1.4433326572179794 8.248732425272465 -5.456650331616402
8.048496129922569 3.9175645727664232 8.238750682212412
-5.5582062201574445 -4.226626893505454 4.099261537194252
-1.2584142619743943 2.3139655962586403 -9.01000963523984
2.911688811145723 7.901149555109441 8.599798697978258
4.781391555443406 -0.04599246196448803 3.216445632278919
1.6820723516866565 -3.0821700347587466 -0.21140404511243105
-1.2041897978633642 0.5410520592704415 2.5298799900338054
1.624781801365316 7.795143728144467 -1.0589776188135147
-3.654481149278581 -3.316362975165248 -7.460914230905473
-8.864334155805409 4.828861551359296 -6.4888784335926175
-1.7364231636747718 2.769088828936219 -5.18311956897378
-3.380944263190031 -8.87067228090018 -9.597242311574519
7.8700062818825245 3.921666885726154 -0.28043238911777735
-2.801425107754767 1.3826610939577222 -2.512929434888065
1.531801288947463 8.200656329281628 5.995303667150438
8.070636638440192 3.235342022962868 5.058675114996731
0.08663272019475698 -8.700702474452555 -3.8514139829203486
5.5851640133187175 9.63751096278429 -2.467854474671185
-1.8537396099418402 5.482253571972251 -4.094438566826284
9.640973396599293 -4.60523541085422 -0.0975909037515521
-9.258006503805518 8.862761249765754 3.059743386693299
1.4431429840624332 8.558926982805133 5.693826591596007
-8.122518751770258 4.586412878707051 -0.6285829655826092
-0.7647985965013504 -1.736303106881678 4.343813327141106
6.784400320611894 -3.992750570178032 2.2715262416750193
5.41560145560652 -7.967376122251153 -0.3121788566932082
1.6865812661126256 -1.5179477678611875 -0.8234896184876561
1.5735971555113792 2.4832043750211596 0.05428235977888107
7.344863791950047 -2.914651380851865 2.1197902783751488
-8.940681503154337 -8.11519792303443 -7.384066637605429
-9.102229685522616 -6.959034646861255 -4.643028317950666
-6.95197275839746 3.137200535275042 9.178929142653942
6.87259784899652 7.507834425196052 -2.800143058411777
5.534521555528045 -3.4580149594694376 1.9911833014339209
8.931214748881757 -1.3258181605488062 7.630624151788652
-7.620980520732701 5.429813261143863 7.919930876232684
-9.563707895576954 -2.2552724462002516 2.4780054297298193
5.461381827481091 -2.5625722715631127 5.775849702768028
8.941782522015274 -7.703378046862781 0.16441113781183958
-9.1202657436952 -9.519311995245516 -3.6048805247992277
-8.766150227747858 -2.3634649347513914 -5.123757869005203
8.159361914731562 1.3510972820222378 -6.236565527506173
7.725040069781244 -8.755375207401812 -6.6651903837919235
-5.8141620410606265 0.7296748040243983 1.6949023539200425
7.331011714413762 9.932349366135895 -6.747112725861371
4.705513445660472 -8.843326540663838 7.836025096476078
-6.628190730698407 4.5311496034264565 3.8627249700948596
-3.1465392652899027 -0.6008294690400362 -2.1811457630246878
2.007294655777514 0.9053358109667897 -6.817380744032562
-8.813746608793736 -1.6091791074723005 -3.4035981725901365
4.940810236148536 -5.63509488478303 8.281704727560282
7.640449511818588 -8.90355383977294 -0.8157261461019516
2.602072195149958 5.301421009935439 -5.743958717212081
9.55508598126471 8.789165853522718 2.1766074746847153
-2.2892867401242256 -5.049584829248488 5.243254159577191
6.710466076619923 -0.8088939217850566 7.948689768090844
5.937913898378611 -6.434689960442483 -7.520493497140706
-8.176630050875247 1.5378184244036674 -3.311181585304439
7.507095686160028 3.3932729298248887 -4.895016020163894
-3.5173412086442113 -8.328107185661793 -6.510973647236824
-7.0252619637176394 2.0664382725954056 7.022512350231409
7.189670191146433 3.8242202764377 4.292839192785323
9.426987352780998 0.5762791400775313 3.7235388811677694
6.707994043827057 -5.245536034926772 -4.770373380742967
-0.9477823507040739 1.2347676930949092 -5.125664635561407
-3.864537267945707 9.968959726393223 -9.54893636982888
7.922052424401045 -0.6705258507281542 0.8325568493455648
2.8937310446053743 5.972098424099386 8.434405527077615
1.9936220301315188 -3.778536128811538 3.5816049575805664
6.931337318383157 2.41331335157156 1.4969137264415622
2.2912887763231993 4.5765397837385535 6.162208640016615
-3.1578995380550623 -3.5539209516718984 -8.128421306610107
-8.004412758164108 -9.81895862147212 -6.575576784089208
-8.424909147433937 8.412233339622617 1.8656683759763837
-9.256590902805328 -3.0854657758027315 -3.74613038264215
5.430245627649128 -5.51148141734302 -3.144302312284708
-4.66367470100522 5.442077899351716 8.826371845789254
-7.6720568258315325 6.871630637906492 0.8625874249264598
4.196093259379268 4.376923576928675 8.169425623491406
5.541398236528039 6.113004023209214 -8.765633678995073
5.812645880505443 7.513428484089673 1.4521227264776826
-5.146189071238041 2.0374394208192825 4.819062114693224
0.4361751489341259 -3.108528321608901 0.7441963162273169
6.550471801310778 -5.262112906202674 -1.9388303812593222
9.566482501104474 -6.578267076984048 7.3874649638310075
5.585554954595864 -1.7680112598463893 -6.150373085401952
-1.4789810730144382 1.3173451693728566 0.35445908084511757
1.3062258576974273 2.7754999604076147 -8.797415387816727
-7.346973498351872 1.9930123072117567 0.8750635106116533
8.44905795995146 4.70267353579402 0.3143035713583231
-4.068580479361117 -4.083823622204363 -0.4055666085332632
-0.9547952562570572 -4.1176308784633875 9.693758799694479
7.289523612707853 3.8176542101427913 3.2691928325220942
-5.353732584044337 0.9601605869829655 1.574842445552349
4.982981747016311 -4.945447659119964 3.5350811574608088
4.75546735804528 -9.136510048992932 0.1210472360253334
9.156118519604206 -6.630973014980555 -4.6267442451789975
-9.736432014033198 -0.01985834911465645 6.919427192769945
6.831820290535688 9.57534578628838 -4.597874577157199
-8.059777184389532 9.730383758433163 6.483376254327595
6.699897535145283 -7.546552792191505 7.739864075556397
-5.004279967397451 2.345649362541735 2.200733949430287
-9.37896290794015 -9.42338197492063 4.052318502217531
9.954658118076622 -5.979640893638134 -2.4574052169919014
0.9284504037350416 -9.869671985507011 2.4970621708780527
-9.98737886082381 -0.9667197521775961 -1.3440363947302103
-5.231482107192278 6.121086506173015 -8.669386869296432
4.547584922984242 0.426626680418849 0.7423565769568086
-5.490865129977465 9.723523696884513 6.139109190553427
0.08185988757759333 9.061801126226783 -6.858351984992623
-3.880536467768252 3.371612476184964 1.307447999715805
5.6148818507790565 4.781905408017337 -9.86254382878542
-9.889399353414774 1.877650679089129 0.29893509577959776
0.03833896480500698 0.6232431437820196 8.497851230204105
5.004370976239443 2.121451925486326 0.7495628017932177
7.031104872003198 0.8924212958663702 3.467166619375348
4.846497229300439 -3.96163038443774 2.974904510192573
8.27019702643156 0.9212231310084462 1.0260677337646484
-8.197832247242332 4.229215723462403 1.6370040364563465
8.355582486838102 1.2026851810514927 -5.811997321434319
1.410349109210074 -2.6302161114290357 8.648683167994022
7.757323966361582 -1.4144200179725885 -8.364569614641368
-6.210811925120652 7.246916242875159 9.117137086577713
-3.4652376733720303 -3.576435917057097 4.6152959344908595
3.3424476301297545 -4.5778456050902605 -6.621458418667316
2.1668117120862007 -2.6031924318522215 -6.938799498602748
0.29815639834851027 1.1057592183351517 7.736054435372353
-8.6520288977772 -1.3758886232972145 0.4131392203271389
-2.9893926810473204 -7.855328815057874 -3.2730946177616715
-7.287130001932383 1.9671817542985082 -1.3031659089028835
-7.113400506787002 -6.670997962355614 -9.906551036983728
-5.374316000379622 8.68000720627606 8.239097096957266
1.2542362604290247 4.047901113517582 -4.140286738984287
3.8983268849551678 -1.7606346122920513 5.441065649501979
-6.881813472136855 -8.555293371900916 -1.162400427274406
-7.936727851629257 8.110258346423507 -5.296225766651332
2.2303259652107954 2.2437843587249517 6.4164684899151325
-0.3676426596939564 4.22162442933768 6.233398192562163
-1.214915607124567 4.230457930825651 5.56747714523226
-7.27341472171247 -7.996139717288315 -1.0209992807358503
-0.20914637949317694 -2.1207298804074526 -8.425614354200661
-6.868955297395587 -1.2726062955334783 0.6873719533905387
3.624008889310062 -7.017624941654503 2.412999114021659
-7.842905609868467 3.8080911803990602 8.534215046092868
0.656658886000514 -9.412056095898151 -9.60105933714658
1.6933843540027738 -3.022675416432321 -7.256007241085172
3.272908707149327 -2.3724625585600734 -6.881261859089136
0.29992239084094763 -5.864423708990216 -5.236895997077227
5.835761446505785 6.660489900968969 2.4761463282629848
-5.09954821318388 4.173893835395575 6.5697662672027946
2.3278067307546735 0.7481428468599916 -0.423809802159667
-9.764489913359284 -5.0770373130217195 7.978157736361027
-7.013646964915097 -4.859169060364366 -2.6092175533995032
6.584091815166175 -0.9292696602642536 -5.502033131197095
5.677915788255632 1.8884687218815088 2.665237379260361
5.025443090125918 0.1769043318927288 -0.023385058157145977
9.121395722031593 6.064791092649102 2.8527727304026484
4.598509161733091 2.4837306095287204 -8.108841353096068
5.805110028013587 -4.3613321473822 -4.7997947270050645
-8.927289308048785 -7.9166145529598 9.12691906094551
8.437424371950328 -2.11533616296947 -7.00530159752816
6.428905269131064 2.6830301387235522 5.409134738147259
-3.4028749400749803 -2.1234764670953155 1.1747022904455662
-9.405985777266324 0.5879199877381325 7.6305741630494595
7.403228376060724 -9.887357740662992 5.144032533280551
-8.376493253745139 1.003099805675447 -8.932119561359286
5.642511090263724 2.676068376749754 -1.360548548400402
-1.3545974809676409 7.581351604312658 0.9951941575855017
-2.099706777371466 -8.434233306907117 -0.9281469602137804
-7.624567695893347 -2.952791340649128 -9.788281004875898
5.04617303609848 -9.091519573703408 9.0418864460662
-7.0330220786854625 8.787417556159198 4.599176193587482
-4.878924749791622 2.93501659296453 7.2140018083155155
-2.6169345108792186 6.845270209014416 9.053655038587749
-8.05800394155085 6.50018809363246 4.433827735483646
-7.765360572375357 1.953308116644621 5.458379206247628
7.771967835724354 1.8194125406444073 -5.785153112374246
5.784110138192773 -3.3821672946214676 -7.862792406231165
4.563025142997503 1.2666463200002909 8.631772636435926
0.6995288841426373 6.4418915612623096 -4.099872554652393
-9.13682322949171 -7.817426868714392 -2.6769142178818583
4.255289216525853 -9.14686472620815 -7.095379610545933
-4.192181550897658 5.438513047993183 2.928188140504062
9.001184264197946 4.465526337735355 5.16398218460381
-1.2749174423515797 5.481794774532318 5.060252388939261
8.216239400207996 7.5845148880034685 -1.3483568001538515
0.08876655716449022 8.052928647957742 2.4757448537275195
9.781062859110534 2.7669808361679316 -0.5307158175855875
-0.5233327159658074 -3.872596421279013 8.17482094746083
2.313747461885214 8.082916135899723 7.81746911816299
2.386818192899227 8.541526566259563 -7.678739936091006
5.741944364272058 -3.2230513636022806 -1.1660628346726298
7.502202517352998 -4.053643802180886 7.507353629916906
8.691674987785518 0.8712630765512586 -1.2383061507716775
4.579058433882892 9.20983218587935 3.003600388765335
9.11169528029859 -3.674221350811422 7.333109197206795
6.971472483128309 9.751444403082132 -9.721287423744798
-0.9484437527135015 8.86833103839308 4.387616449967027
2.035953584127128 -0.06943842861801386 -1.2174509279429913
-1.5220716083422303 6.847385298460722 7.871335968375206
-9.544791406951845 -1.1251374566927552 3.0738060269504786
-8.198179248720407 -0.7096726587042212 -7.898982181213796
-9.477778770960867 5.046404870226979 -3.5037258034572005
-3.4909267583861947 5.253913109190762 -0.2797095337882638
8.569860579445958 3.3033410646021366 -7.78674446977675
-3.520005913451314 1.355372196994722 7.582803564146161
9.252475122921169 -5.845268326811492 3.8723598839715123
4.570868038572371 2.053066580556333 8.110794145613909
8.456970984116197 9.753614398650825 9.203788652084768
-5.619082832708955 1.0773648228496313 -5.607438641600311
7.929830336943269 3.4739921614527702 7.833680133335292
-7.258274941705167 7.7433564234524965 1.1028617061674595
-5.238799192011356 -5.2612981060519814 5.822357046417892
4.5519504975527525 1.4456376992166042 -1.5099767036736012
7.672779066488147 -8.351595201529562 -7.1111975982785225
-4.591464977711439 2.8980894573032856 1.5124172624200583
-2.459269044920802 9.975641402415931 -8.111180257983506
9.350255047902465 -9.420718904584646 -1.274250065907836
-7.52604475710541 -5.7986671989783645 -4.391311127692461
-7.219482036307454 3.1746883783489466 5.890570292249322
-0.6076770136132836 -6.248465576209128 -7.404309557750821
8.258064915426075 3.475257745012641 9.933462850749493
8.699301453307271 -0.9034338360652328 2.7768690371885896
-1.893666023388505 6.121431342326105 -2.248592535033822
7.844095276668668 -1.7535765655338764 -6.920018824748695
1.6754767345264554 -1.4196588844060898 -3.577392688021064
8.670996711589396 9.166095987893641 -2.7023219875991344
-7.764648734591901 -9.005362568423152 2.6736477622762322
-3.9067429304122925 -7.205381635576487 -3.5853454656898975
4.019066286273301 -8.192019709385931 9.596710135228932
-3.568951915949583 5.766802951693535 3.59540909063071
-2.8382436791434884 -3.3317686431109905 -2.352000013925135
-0.0429032975807786 -3.723067492246628 4.443585253320634
5.496230009011924 -9.255298813804984 -0.07750849705189466
-7.384242988191545 -6.89097766764462 2.8467441024258733
-3.509952132590115 5.857356572523713 -2.199405231513083
-6.35521128308028 6.346040484495461 6.2308573024347425
-4.64915547054261 6.630306639708579 -5.138244214467704
-7.975368774496019 -6.275777821429074 -4.640077846124768
8.259256170131266 0.7425686810165644 2.1663820277899504
8.41814620885998 9.32367594446987 -3.5750562511384487
-4.3546877056360245 -6.329079139977694 -6.549749667756259
-5.269779805094004 -8.603310761973262 9.914754312485456
9.734544814564288 8.460728698410094 1.7303648823872209
-6.7705869395285845 -1.2294971058145165 2.043784991838038
1.4453905215486884 -7.702156365849078 0.11111567728221416
-6.523558595217764 9.701410392299294 4.1856477269902825
-0.270281950943172 -1.1521690152585506 -4.080944280140102
9.917868860065937 6.0020289197564125 9.59383255802095
-9.184712776914239 -7.914154692552984 -6.925081447698176
6.441336297430098 2.797622112557292 -5.715339002199471
0.5821774341166019 4.101592376828194 4.083148981444538
9.409809531643987 -7.611173870973289 1.993460627272725
-8.193035824224353 -7.46763791423291 8.743202253244817
6.643326543271542 9.643680672161281 7.869648784399033
3.712790599092841 -3.8666963949799538 -6.115566315129399
5.207980354316533 8.14801150932908 0.6079008942469954
-9.889456564560533 4.758129441179335 -3.3087190007790923
-7.588206301443279 -8.831632137298584 -6.457865904085338
-9.760231161490083 -9.704837463796139 -9.19107563327998
-8.772454163990915 0.5510035715997219 2.024072576314211
4.28437958471477 0.369086847640574 6.234082239679992
8.729690019972622 8.310578539967537 -5.68721080198884
-6.185512952506542 4.675981076434255 -2.413771483115852
-9.308369550853968 0.3427737858146429 9.294794807210565
-3.014673152938485 -2.104347264394164 7.927636899985373
5.9214913146570325 -3.565762797370553 -0.22107847966253757
2.588540227152407 3.3627742854878306 3.5200750175863504
-2.5725420750677586 9.167773951776326 1.7162186745554209
-5.185019066557288 3.315467154607177 8.521782718598843
0.4282283177599311 -5.150227169506252 -9.774192832410336
-2.4517723824828863 4.428416062146425 -3.767452328465879
2.335087154060602 9.95975791476667 7.08720956929028
-4.146919478662312 3.6837590811774135 4.604502292349935
-7.241322947666049 9.482453921809793 -1.1747716646641493
-8.56962701305747 1.798824481666088 1.0636207647621632
8.828760897740722 -4.857843550853431 3.758552926592529
-2.0205220906063914 2.928822240792215 -2.046029851771891
0.5058488436043262 9.531539217568934 1.3275576289743185
-9.537598369643092 9.130389099009335 8.517110887914896
-6.008987594395876 8.92453994601965 -4.577687149867415
-5.08596817497164 9.837678293697536 4.117904934100807
-1.7474854923784733 2.101200041361153 -4.260917017236352
4.444531900808215 1.8552445946261287 2.57302513346076
3.315801783464849 -3.841285640373826 -9.53219722956419
1.2475848710164428 3.610148336738348 0.02986935433000326
7.4693515338003635 2.0250580506399274 2.694841856136918
-1.211976921185851 -1.719740042462945 1.3459997903555632
-2.4936299957334995 8.167957114055753 -3.860438819974661
-9.341229973360896 5.694500668905675 -2.042316710576415
7.2945817885920405 8.625897681340575 -2.186207761988044
-3.4912322275340557 0.11415316257625818 9.658151543699205
4.682456185109913 -2.5062145618721843 3.4906378109008074
7.590268435887992 1.8954850547015667 9.744679690338671
7.83137702383101 -9.551624753512442 -2.187057095579803
-4.999211700633168 -6.84574737213552 -2.1538604516535997
-4.502253760583699 -3.5586152924224734 8.966723303310573
0.9186392603442073 -2.8006818797439337 -7.282890039496124
-0.8703023474663496 -1.8673222698271275 3.8197294855490327
-0.7338538952171803 0.7239744765684009 4.050648589618504
5.234710420481861 -4.850788312032819 9.32336459401995
7.272173049859703 -9.916583974845707 -3.1148845283314586
7.84961627330631 -2.950395653024316 -1.5126659395173192
-3.05751811247319 4.597570118494332 4.35073793400079
-4.919727090746164 -8.941940548829734 7.938919402658939
7.626310153864324 -7.606931789778173 -1.4647103939205408
-0.4745178762823343 -3.758360925130546 6.05573286768049
-5.760436709970236 -7.3624896770343184 2.2101677348837256
-1.4779132045805454 5.626580137759447 -1.3940378790721297
-0.2955127041786909 0.6202244106680155 -6.617312263697386
0.6294316099956632 -3.286883356049657 7.442759447731078
2.4107983661815524 -2.380794840864837 4.319050153717399
0.9194616740569472 6.92511694971472 -8.365553626790643
-0.42353580705821514 -6.769523210823536 -5.315138231962919
-3.006932777352631 -8.565729167312384 7.3226036643609405
-6.955274511128664 5.903497254475951 7.702726414427161
-7.084941673092544 -6.975141451694071 4.2891402170062065
0.42807701509445906 8.182738316245377 6.5570514695718884
-2.164602535776794 6.604107096791267 2.346045318990946
-9.103339426219463 -0.7890570908784866 1.2490726122632623
8.024739804677665 -3.4184094751253724 -2.0221516396850348
7.940630121156573 -2.9584363102912903 9.949662061408162
4.054443808272481 -6.1990938894450665 -0.2482454525306821
-7.84223310649395 -5.919428006745875 2.1056920289993286
-8.37617632932961 5.669301743619144 7.03296079300344
-4.7401147382333875 7.160016479901969 1.3608342269435525
9.562961226329207 8.30190088134259 -5.0251231621950865
8.342598448507488 8.27228139154613 0.9141890564933419
-5.5266720382496715 5.999609706923366 1.3263557804748416
7.481386321596801 2.4745956901460886 7.614569184370339
1.801641946658492 -4.962998405098915 9.027486168779433
-4.505934780463576 7.987466771155596 3.715379238128662
0.18415190745145082 -8.327967138029635 -5.492784394882619
-5.7856872864067554 -7.232306767255068 -8.306392254307866
3.1316926144063473 9.76464353967458 5.82196110393852
3.183396910317242 9.045734833925962 7.874346971511841
6.083176406100392 -7.351378058083355 9.054289595223963
-0.9590422781184316 1.4523527072742581 -1.9750745221972466
2.1400447748601437 -5.529126534238458 2.3183485260233283
6.8475476000458 -5.570015353150666 6.302551222033799
5.117536662146449 2.8779973927885294 1.0304264072328806
9.372896472923458 5.768424170091748 -5.3324038395658135
6.81001016870141 -4.460135442204773 -1.7721801670268178
-5.946485474705696 -5.930804256349802 -6.460928893648088
-3.9855028595775366 -9.316852930933237 5.845408565364778
1.6122871916741133 3.112331470474601 5.8472200110554695
-1.9541378691792488 -2.493254281580448 -1.7352773947641253
0.375103703700006 -5.375871653668582 3.997112037613988
-4.851631158962846 -2.0218910183757544 -6.951503790915012
-5.137122734449804 4.795072083361447 3.779182508587837
9.290749598294497 0.8981544431298971 8.63281523808837
2.607645560055971 6.942510078661144 5.7310909032821655
2.715815114788711 -0.5323762726038694 -8.048944594338536
8.93236983101815 -2.078566220588982 -6.590740391984582
-1.41115996055305 2.7110427478328347 9.465343751944602
-6.566725908778608 -3.5521389497444034 3.9476052671670914
4.2743092915043235 -0.6781222764402628 2.2712536761537194
0.8250309247523546 6.145115839317441 7.680060234852135
5.810084585100412 8.019471662119031 4.296996043995023
7.613643608056009 5.795924561098218 -5.105337002314627
0.5433854414150119 5.474937492981553 4.509380352683365
-3.472088808193803 8.602386992424726 -8.826660118065774
6.033629095181823 -8.823886918835342 -5.152345155365765
9.16395706590265 -5.021557584404945 -5.392435402609408
5.387266930192709 -1.7915657861158252 -9.883473552763462
8.6420531058684 4.710889495909214 8.929791641421616
-2.5868968619033694 -7.9530150489881635 -3.9045982994139194
8.387254872359335 -8.080900427885354 -6.3573565892875195
6.211852296255529 5.209825630299747 4.55335873644799
8.788779233582318 -4.701735759153962 0.9353342466056347
-9.435793785378337 1.2946110684424639 -9.006306817755103
8.659142600372434 -6.917742877267301 3.0563916778191924
-3.424052712507546 -2.4307956034317613 0.333546488545835
0.6150696706026793 0.016250787302851677 4.543440411798656
5.783648891374469 8.454675455577672 -9.402922373265028
-2.386070308275521 7.529396740719676 5.3173579182475805
1.7323286039754748 5.378681756556034 6.103680040687323
0.6176169170066714 5.62240244820714 2.150262827053666
-1.862356630153954 -7.31212786398828 -8.834714950062335
-1.4051292929798365 -7.859894107095897 -5.372212007641792
7.759290193207562 7.742057158611715 3.2248547160997987
-2.1104971086606383 -0.40196217596530914 0.11366825085133314
-0.4966521495953202 -4.993491708301008 -1.8365774396806955
-7.082556490786374 8.916391129605472 -7.933614836074412
-8.591442094184458 3.7725307140499353 4.556716894730926
8.918940462172031 -0.7128646923229098 1.787052764557302
8.634722232818604 -4.13405463565141 -4.7933322843164206
6.684065177105367 3.230287586338818 -3.359855622984469
-6.895957635715604 -4.082993525080383 9.821216487325728
7.268469142727554 4.1926868027076125 5.614001438952982
9.06873774714768 1.2168428720906377 -7.006794260814786
-0.16573721542954445 -2.4381659738719463 9.174080500379205
-2.6982706459239125 3.767547504976392 -1.8590506631880999
-6.341781774535775 8.541631703265011 -4.577736333012581
-5.191085902042687 -8.462360333651304 -7.992192539386451
-9.817922385409474 9.934945949353278 -7.446468481794
-6.6096154833212495 -4.031775421462953 -5.710333525203168
-7.757415431551635 2.2228678315877914 4.008508385159075
6.326979203149676 7.93829127214849 0.822223424911499
-1.8165316013619304 -2.3296871222555637 7.545658070594072
-3.0442522512748837 3.689323836006224 9.452106938697398
-8.39961739256978 9.514210820198059 -9.252164587378502
-3.9488717494532466 -9.806293048895895 0.1354876859113574
7.580654751509428 -9.59939838387072 -6.120107192546129
1.0960628977045417 9.896188131533563 -3.2383461482822895
4.861111030913889 -7.197281019762158 1.8870786996558309
-8.388536418788135 5.516508482396603 -9.632347146980464
-0.9384298883378506 4.966954891569912 2.7400109451264143
-6.05929390527308 -0.5477170739322901 -5.579022644087672
-0.8014179207384586 -3.376749870367348 9.367183092981577
0.011831955052912235 4.416345143690705 -3.1823927583172917
-9.722159993834794 -1.0137301497161388 -8.628405714407563
-0.10461145080626011 3.081692224368453 -4.857071992009878
-1.315404544584453 -9.083737572655082 -9.648002400062978
-5.573655613698065 -4.263555118814111 -1.6857345681637526
-3.233902119100094 4.209382822737098 5.351883200928569
8.0834622355178 -5.844286563806236 0.05766348913311958
5.579354837536812 6.169030666351318 -1.8308686185628176
0.5324639985337853 8.29234302509576 1.9185522384941578
2.611756776459515 2.1278221625834703 -4.359819041565061
1.7003933107480407 4.97275750618428 8.010026523843408
-6.505339443683624 2.013560011982918 -4.735509250313044
8.313755542039871 5.631522294133902 9.336891677230597
-2.2396063152700663 -6.201770268380642 -5.998303242959082
-2.5439445162191987 3.7670563207939267 7.178659033961594
4.845186308957636 9.547885614447296 -0.3533776616677642
3.6921903397887945 -0.28665727470070124 1.5867798076942563
-0.7694230182096362 -3.661768464371562 -9.790238714776933
-8.162785219028592 -5.979908308945596 -7.441789344884455
-8.453094819560647 -3.5416628839448094 -9.492570171132684
-3.3683487866073847 -4.4611392403021455 -6.5819972567260265
-2.499584136530757 1.4428013563156128 1.5268586575984955
