152.295 89.761 51.114
153.348 80.785 40.050
150.825 88.990 42.320
149.381 89.155 33.243
150.310 94.245 33.437
155.617 100.863 36.190
163.654 99.059 40.258
164.708 103.707 40.220
162.284 95.393 44.452
157.307 88.175 38.021
160.058 83.389 40.926
163.941 89.135 47.557
172.268 101.977 43.251
181.437 102.911 48.361
169.468 94.009 47.124
176.465 91.840 50.199
177.829 97.924 49.290
187.498 104.873 53.067
183.452 95.376 55.733
161.503 79.412 44.078
160.376 74.347 44.874
169.642 76.573 45.704
174.762 77.979 53.017
176.152 85.056 48.336
181.756 84.283 55.763
190.001 108.055 60.452
189.976 107.343 67.121
157.911 112.725 37.897
166.368 111.592 38.545
172.082 112.195 41.858
159.720 113.094 44.132
167.855 107.865 54.191
176.146 109.620 44.357
181.691 111.561 49.001
169.748 111.391 48.928
175.810 108.156 61.765
184.093 112.200 54.494
184.543 111.772 64.111
177.821 110.401 67.920
157.441 80.893 54.594
163.094 70.530 53.159
163.311 75.253 59.294
151.729 71.849 65.367
156.209 69.502 54.931
146.557 67.507 62.430
150.456 77.029 58.856
154.005 88.050 60.578
142.835 71.568 62.505
143.342 85.422 63.720
138.271 78.633 59.659
137.366 71.554 54.125
135.220 68.818 58.093
136.935 66.835 66.813
140.297 66.434 71.140
138.443 75.788 72.334
133.225 81.423 72.704
130.847 76.806 68.174
185.324 98.337 67.509
181.509 96.190 61.999
177.578 87.358 62.528
172.745 94.223 66.575
178.414 96.628 74.536
169.150 94.872 77.943
167.695 86.790 78.564
169.193 80.312 73.145
175.317 83.872 67.180
166.132 80.417 64.540
160.467 79.223 76.219
160.204 86.254 82.301
158.927 93.559 79.651
152.320 92.863 84.256
148.200 83.834 86.004
153.870 78.130 81.405
150.878 80.232 70.881
142.738 78.570 74.552
147.221 73.303 79.366
142.959 72.140 83.767
139.603 75.905 83.137
146.998 87.887 91.309
180.702 109.146 74.043
184.466 105.542 77.639
172.474 109.699 75.000
166.826 104.961 72.763
170.824 111.166 83.279
180.584 107.283 83.543
176.637 101.129 84.827
175.704 110.537 89.519
164.186 109.297 84.965
156.578 107.900 80.652
158.527 112.486 89.659
170.847 110.300 94.060
170.628 98.856 87.447
163.305 96.790 90.709
155.307 97.818 91.104
159.302 103.716 96.705
164.754 110.860 97.848
157.563 110.881 102.534
150.323 112.289 91.131
146.547 108.635 83.371
135.328 108.912 85.293
139.463 112.198 91.601
144.301 112.102 101.097
149.476 110.857 106.572
148.366 103.724 102.941
144.456 99.812 93.073
134.571 97.759 94.321
138.465 99.597 105.920
139.845 110.386 109.114
129.807 112.821 101.533
128.148 110.899 96.612
122.335 109.758 92.178
115.957 112.182 101.418
122.630 112.755 111.444
131.381 112.786 108.878
131.826 101.228 107.158
126.206 97.726 100.961
114.191 97.286 98.075
120.408 99.215 107.956
116.246 106.418 112.300
110.855 96.588 108.275
106.187 100.658 108.845
110.842 112.777 112.845
105.888 112.657 103.531
109.924 111.471 94.083
102.382 110.265 111.590
138.957 90.291 93.009
140.260 82.251 96.075
125.290 80.408 101.762
130.591 87.226 96.045
134.749 81.206 84.975
129.996 85.286 78.191
129.153 79.779 93.437
122.858 83.260 84.473
119.907 87.782 102.324
115.780 78.318 99.616
121.234 79.597 93.880
116.885 89.015 92.426
114.250 87.785 98.431
125.359 77.888 59.440
128.761 71.606 55.046
130.117 63.651 54.858
121.858 67.704 53.651
119.534 61.614 65.511
126.986 63.940 63.521
124.555 71.704 70.466
124.322 69.604 78.943
118.509 62.667 80.023
116.494 64.754 72.770
108.857 71.594 76.215
110.963 63.975 83.150
117.237 72.784 84.469
111.251 76.048 89.894
109.978 68.683 91.756
104.334 71.913 83.012
101.622 80.552 79.603
97.496 86.118 84.997
103.414 77.769 89.812
106.129 76.346 96.824
109.027 87.652 87.223
107.365 97.755 94.337
103.182 87.977 95.547
99.891 84.059 104.865
97.305 81.768 98.254
91.999 84.534 91.870
87.355 90.648 88.575
85.872 90.165 98.963
90.840 87.827 105.696
99.348 97.111 98.580
94.539 93.833 107.108
85.439 99.110 103.568
83.119 97.619 95.163
78.468 106.112 105.316
87.086 102.319 110.843
95.860 103.889 107.061
84.590 111.220 110.263
77.949 112.537 104.600
69.471 111.625 100.014
73.798 110.229 90.033
82.395 112.429 94.812
74.814 104.300 85.163
82.891 105.196 79.867
94.877 105.544 81.934
87.559 110.238 88.591
99.191 109.576 88.199
97.831 114.296 93.638
93.478 113.221 107.421
156.245 111.681 50.229
167.012 111.760 58.827
165.503 109.590 66.864
161.862 111.288 74.249
154.688 110.372 76.690
147.326 111.089 75.587
138.964 112.903 78.485
130.113 112.874 82.047
121.760 113.916 86.228
110.175 111.334 85.384
114.236 114.938 80.513
102.481 115.107 75.556
95.732 114.385 77.388
100.390 109.295 80.302
88.788 110.619 78.831
83.421 111.253 76.177
88.122 114.175 69.749
80.056 110.131 69.050
77.050 112.877 64.253
75.115 113.722 55.839
78.681 111.270 42.196
79.135 100.434 38.702
87.273 107.382 38.684
116.515 72.736 58.370
109.489 77.186 61.625
107.553 68.243 60.227
104.895 60.517 61.763
111.194 61.102 59.600
114.155 59.465 62.602
111.223 59.405 69.848
106.624 58.474 74.670
106.751 68.436 74.466
102.370 66.047 79.380
100.121 64.669 68.324
93.383 70.072 78.716
96.642 64.335 82.285
98.032 74.945 82.732
95.806 78.811 88.046
95.123 67.719 90.051
94.460 73.184 96.127
88.505 71.223 89.382
87.993 75.714 81.718
81.567 78.442 86.845
85.807 75.296 97.443
87.858 83.368 88.262
83.175 80.885 93.787
75.915 80.576 94.773
77.625 87.032 85.183
74.173 93.835 94.665
76.255 85.645 98.865
79.839 91.935 94.631
75.172 93.609 103.246
73.362 107.361 103.195
70.949 103.777 107.100
98.919 74.272 60.533
94.758 79.935 59.854
88.707 79.426 53.756
81.198 69.850 57.665
97.033 70.001 58.571
92.996 64.642 59.744
93.335 58.677 63.105
83.453 62.231 66.683
77.270 60.770 61.797
75.814 59.515 54.848
78.255 61.273 71.208
86.209 59.614 74.624
92.285 63.102 73.146
82.873 66.549 73.251
81.173 77.060 72.141
87.790 74.603 73.688
78.965 87.604 78.333
70.714 90.170 86.576
68.768 101.432 98.089
60.275 102.923 98.975
64.071 98.379 90.516
64.246 90.911 93.815
70.560 83.373 82.192
75.477 84.677 74.585
65.522 87.882 75.669
61.875 85.625 86.343
58.325 102.082 91.076
53.190 101.581 88.092
54.839 95.844 89.259
57.646 91.032 82.845
55.905 91.750 74.311
51.464 98.273 77.408
46.471 103.885 78.856
51.014 101.520 70.455
59.890 94.936 68.292
58.784 94.501 59.545
47.125 97.967 63.593
42.908 102.223 68.544
37.090 98.596 61.171
44.708 94.182 54.604
54.481 91.515 51.344
47.020 94.142 46.021
36.045 98.765 50.529
70.603 65.385 58.097
68.277 67.015 73.798
74.867 65.883 71.128
73.695 79.598 70.831
66.469 79.687 72.568
63.548 72.708 76.842
58.148 76.344 72.521
53.871 86.744 67.581
53.861 72.374 62.591
51.276 79.673 69.900
46.050 82.768 64.287
56.052 88.789 59.873
48.396 87.603 47.754
42.893 85.861 57.752
41.704 85.507 48.267
45.893 79.588 55.292
46.260 77.341 46.806
54.195 72.847 44.205
58.684 78.853 47.185
67.500 76.017 43.409
57.403 79.069 53.340
54.663 72.297 56.299
62.185 72.233 56.028
59.968 68.419 64.151
66.545 71.399 66.385
74.898 68.653 51.505
73.161 75.452 51.830
69.342 71.556 46.597
65.493 105.057 98.223
59.769 109.036 94.506
59.253 108.396 86.619
69.071 112.425 81.249
70.559 106.451 83.028
75.684 109.354 74.594
68.978 107.053 71.955
68.006 110.458 59.221
64.966 108.630 68.040
59.027 110.727 78.440
50.127 111.154 75.493
57.725 111.733 66.378
53.047 111.687 60.661
48.284 106.774 67.723
46.927 103.073 61.788
49.672 101.246 52.517
56.265 102.343 57.606
61.782 100.075 48.797
60.935 105.232 52.505
59.834 112.846 52.944
67.793 112.347 48.522
71.228 107.163 43.365
69.114 100.599 41.735
58.637 103.793 43.502
47.709 106.505 49.730
54.767 109.687 44.200
39.520 111.688 55.787
40.289 105.144 58.524
47.950 113.974 46.303
34.370 107.208 49.496
35.120 108.215 36.041
40.384 111.719 45.949
37.407 112.814 36.192
42.894 106.715 20.633
47.293 110.764 27.595
53.627 109.676 32.111
57.595 111.146 36.012
61.664 103.347 37.610
65.152 98.054 38.326
60.160 106.729 40.216
51.842 113.020 39.728
52.081 109.657 38.278
45.058 110.929 37.481
42.036 104.715 12.979
44.055 99.468 10.853
47.277 90.652 13.124
39.356 91.331 16.346
35.037 100.129 16.739
30.839 99.040 31.441
39.395 92.014 24.925
36.416 91.170 33.726
32.618 104.483 22.813
32.818 108.163 30.165
35.685 101.584 40.946
41.596 95.396 39.369
43.199 87.325 39.607
47.891 87.774 31.573
49.312 79.300 16.403
45.892 79.178 25.581
51.366 78.791 39.153
48.841 74.456 34.872
55.328 73.650 30.969
45.623 108.243 13.395
51.331 112.113 18.390
58.432 111.460 30.025
57.769 107.267 21.072
53.465 101.511 14.072
62.320 96.362 20.641
63.766 94.557 24.086
83.321 93.054 30.755
73.590 97.316 26.987
64.380 106.311 26.551
66.819 110.386 34.516
71.408 105.084 29.420
74.425 107.737 33.473
74.220 98.307 34.913
85.461 104.610 30.718
85.537 101.567 34.696
86.887 98.512 28.065
49.585 97.256 15.899
55.171 93.602 21.561
56.250 82.118 15.296
60.953 86.619 18.533
61.349 75.327 18.881
66.379 77.792 23.824
72.050 79.805 19.317
67.742 90.080 25.414
74.533 91.162 22.541
78.179 79.790 21.414
83.519 82.126 21.405
83.180 92.455 22.962
90.275 89.884 28.871
90.561 93.182 22.589
99.224 88.006 21.862
92.871 80.449 19.819
101.121 84.279 21.664
108.430 80.612 21.092
118.943 80.561 17.498
126.503 81.882 13.908
131.492 85.225 10.630
143.628 86.188 9.587
95.064 101.744 30.357
94.824 94.674 28.156
106.147 96.270 24.466
104.067 89.917 26.019
114.898 88.172 18.066
120.287 87.575 14.799
128.949 90.710 11.941
138.438 90.493 12.003
147.879 91.621 14.960
151.887 82.288 21.754
147.472 88.938 19.877
62.303 77.516 32.989
78.857 71.646 25.495
70.878 65.202 23.518
67.484 72.821 29.238
79.640 61.605 22.416
81.700 65.401 16.773
90.287 66.428 16.902
94.066 72.987 21.767
95.412 63.332 21.030
102.822 62.728 18.542
106.135 70.692 19.100
116.372 70.901 18.089
112.586 63.003 18.351
122.919 64.529 15.451
123.612 74.311 14.920
129.317 70.499 8.650
143.544 79.947 13.482
132.088 71.344 14.667
141.576 82.094 12.836
67.362 71.306 39.056
73.194 60.380 38.772
66.108 65.851 37.092
73.550 58.305 32.944
89.089 55.157 33.216
82.024 59.055 27.905
93.022 56.182 28.801
98.779 60.132 26.219
101.308 55.896 30.835
103.723 65.695 31.999
108.252 54.698 28.855
109.936 60.000 24.740
110.975 62.946 31.579
121.084 65.325 28.144
117.704 58.235 27.829
124.230 62.201 21.505
131.603 62.952 27.054
134.401 66.838 21.741
141.060 69.769 18.832
147.495 75.873 17.250
83.536 68.072 43.534
80.041 63.716 38.661
91.644 61.980 33.710
87.993 62.452 43.904
97.950 67.344 41.183
89.384 68.666 36.812
97.668 69.674 34.398
83.901 61.759 51.424
86.378 57.054 44.082
89.584 55.423 48.745
89.629 71.391 49.579
94.408 78.197 46.970
101.040 70.303 46.884
103.971 62.550 48.904
99.190 55.324 47.319
107.820 58.315 43.967
111.150 60.316 47.324
112.421 78.307 39.969
120.622 69.140 46.765
116.586 62.149 45.738
109.649 64.367 39.766
104.682 68.080 38.998
115.325 66.773 35.908
123.004 62.148 44.938
122.173 75.041 37.842
133.659 69.478 42.935
129.796 65.099 40.516
122.590 66.921 34.119
133.612 69.618 29.558
140.266 67.881 37.341
130.494 75.415 35.079
138.907 76.916 30.548
144.362 71.348 30.360
146.616 74.765 23.825
147.458 78.346 27.647
108.826 72.915 50.029
101.656 79.843 50.211
99.038 82.601 51.640
153.305 132.840 36.430
151.172 142.337 35.791
147.709 144.432 41.913
148.467 145.789 52.171
155.217 149.033 53.401
153.968 152.844 45.002
153.701 149.087 39.125
161.084 153.341 43.164
157.930 144.958 44.781
156.312 137.005 40.281
161.478 130.081 39.003
169.509 131.195 41.428
185.301 130.805 50.839
175.158 133.299 46.925
164.052 139.500 47.939
169.932 143.610 51.977
179.212 137.370 53.711
182.072 144.226 57.287
187.096 138.483 60.636
188.783 130.912 57.585
163.208 158.825 44.039
166.283 161.837 47.390
168.276 158.937 51.088
174.125 149.899 51.634
171.451 159.185 55.902
180.088 153.497 58.199
190.801 124.837 63.996
191.239 127.692 69.183
158.781 122.142 38.977
165.202 124.209 39.280
176.064 126.372 42.813
172.719 122.459 41.852
164.786 122.192 46.239
168.335 124.307 51.805
179.801 123.422 49.017
185.291 123.018 53.692
174.347 126.056 57.253
174.209 127.652 64.791
178.970 124.552 63.998
186.691 122.486 63.158
155.687 155.822 52.170
153.619 164.171 50.806
161.330 160.455 59.168
156.607 161.135 67.238
154.394 166.958 61.783
150.825 160.465 58.065
150.806 149.525 61.735
137.228 149.429 63.904
142.532 157.590 63.597
144.606 167.563 63.499
133.175 157.870 58.085
135.850 164.509 55.235
135.899 168.763 62.772
138.091 169.689 72.419
148.658 164.015 71.495
139.831 158.269 73.220
130.893 155.702 73.587
131.283 164.107 69.209
185.117 134.302 66.235
179.637 146.876 62.374
180.560 139.841 69.871
172.346 141.917 68.485
176.318 151.839 69.991
169.162 154.400 66.417
168.693 151.482 79.873
166.193 144.624 77.797
156.581 143.146 79.417
161.096 150.556 82.694
160.965 152.301 77.650
155.533 155.655 71.984
155.265 160.510 76.704
156.753 155.993 84.679
151.059 150.977 86.219
151.516 145.334 87.943
142.651 159.539 87.290
147.685 162.689 80.525
145.041 156.056 77.863
181.109 125.637 71.037
184.260 127.406 76.501
183.084 137.455 75.940
180.511 133.988 82.574
177.298 123.308 84.128
174.251 125.945 77.219
170.829 127.179 68.212
163.433 129.223 75.100
165.669 123.249 83.258
172.937 123.139 90.818
172.294 128.791 92.513
174.689 134.938 86.612
172.520 140.880 81.652
162.157 139.323 86.426
156.562 138.714 91.685
164.086 137.709 93.051
165.783 128.644 98.129
164.642 122.865 95.927
156.660 122.296 89.346
154.666 128.139 80.040
146.316 128.433 84.240
148.023 123.643 92.866
156.592 122.112 103.356
155.390 130.891 100.578
152.013 136.375 93.050
142.282 136.181 92.539
145.998 134.840 102.777
148.852 125.894 108.034
143.987 122.258 102.539
137.391 123.269 97.489
135.787 126.759 89.311
137.654 123.701 109.176
139.750 130.940 108.025
137.410 137.437 99.892
129.124 139.611 97.036
131.332 134.323 106.160
130.130 124.508 108.520
127.776 124.632 95.670
119.035 127.576 91.074
120.740 123.511 102.536
123.351 122.940 108.501
122.802 135.918 108.963
120.705 137.364 102.743
110.373 135.922 98.981
113.345 138.131 110.665
113.857 126.921 113.243
111.205 123.077 106.647
112.473 121.931 95.613
103.581 135.723 106.682
102.416 128.971 111.209
126.867 149.265 82.155
134.900 151.091 81.311
135.827 157.446 90.287
142.163 150.511 98.112
141.546 144.753 92.866
132.220 145.046 95.144
126.677 147.586 101.979
133.158 153.750 99.187
126.775 151.711 88.375
122.275 154.084 95.807
122.107 150.232 104.445
115.266 147.366 97.446
117.503 140.804 94.957
123.968 156.996 60.330
117.779 159.831 60.189
122.186 172.154 59.361
126.158 166.966 55.737
126.487 167.118 65.132
125.575 168.223 75.113
122.640 173.660 68.537
119.992 171.907 77.165
122.518 155.684 75.903
122.039 164.713 82.042
118.130 157.006 85.755
116.232 168.769 84.045
114.930 166.320 75.341
108.519 159.238 76.733
103.715 157.857 83.899
107.478 167.309 86.600
117.660 161.567 93.642
111.709 154.344 93.963
106.644 160.757 95.478
103.795 154.622 94.520
100.783 150.211 83.629
91.594 148.168 91.025
91.949 151.766 97.420
99.737 154.155 103.366
105.475 150.421 98.807
105.840 142.831 92.420
97.572 136.957 98.320
93.316 138.577 105.862
93.183 146.868 106.652
86.065 143.309 103.005
85.641 139.090 95.470
84.375 132.557 100.421
87.007 135.288 108.493
91.485 129.381 110.295
84.606 124.690 111.397
78.054 123.786 105.865
92.632 121.690 109.847
88.957 120.755 102.031
75.696 119.085 101.737
82.459 120.208 96.130
71.576 122.841 98.523
78.991 125.287 90.719
86.874 130.367 82.026
88.166 125.736 88.205
98.826 127.615 88.678
97.751 122.049 93.117
99.540 122.947 104.141
158.026 121.951 50.486
164.950 123.019 56.075
165.657 124.847 61.852
159.742 125.034 68.996
151.223 122.163 74.245
148.408 125.565 78.562
138.830 121.576 81.623
132.218 122.741 82.500
123.583 121.558 84.252
113.019 124.430 87.530
112.765 120.371 82.055
104.051 123.098 83.508
96.519 119.436 75.327
94.549 122.529 80.634
90.348 127.481 78.772
81.576 121.997 77.437
86.735 120.026 72.671
82.280 123.554 70.087
80.607 120.095 65.632
78.324 119.687 57.125
77.102 121.184 44.825
79.284 129.595 41.136
85.374 125.271 40.039
114.061 165.796 60.915
113.862 175.078 61.769
107.494 158.313 62.311
107.052 169.001 61.871
105.569 174.678 67.065
110.393 175.302 73.121
113.837 170.818 68.250
107.775 165.088 74.804
104.780 173.168 79.777
99.792 166.788 76.376
96.253 166.800 91.485
99.791 166.537 84.109
100.406 156.623 78.788
96.038 156.845 90.002
90.045 160.826 88.014
89.857 153.395 80.640
80.372 152.061 88.690
86.587 160.333 97.429
88.688 156.245 96.947
85.639 150.488 91.138
76.714 153.963 98.214
75.645 144.997 95.226
77.489 146.762 101.422
81.946 141.766 95.946
76.678 139.106 104.895
74.643 135.696 100.149
75.885 132.497 106.562
77.081 130.749 99.367
69.718 129.487 106.699
70.192 123.293 106.552
100.081 159.913 63.607
93.119 155.836 61.874
89.407 161.489 66.326
94.957 166.296 64.047
99.943 172.077 65.229
96.781 171.352 73.798
95.943 175.988 73.021
93.077 171.550 71.923
87.407 169.490 70.497
86.986 173.034 63.507
82.713 173.291 67.972
86.964 173.573 79.104
92.032 166.235 78.190
83.366 160.480 78.419
79.993 162.569 83.473
78.935 169.660 75.782
71.738 164.255 77.764
75.577 155.495 74.137
86.534 153.656 75.016
79.363 144.073 80.559
74.435 140.029 90.070
67.207 133.423 97.034
62.301 129.500 101.281
63.247 137.206 93.316
69.306 145.482 92.614
72.520 149.290 83.103
74.237 148.769 73.372
63.893 147.850 86.366
63.086 144.008 96.432
58.357 127.925 93.691
55.807 141.433 89.680
67.143 144.793 75.607
57.054 140.505 82.159
51.326 131.987 90.945
47.584 127.055 86.458
51.403 135.064 80.273
59.337 142.259 75.861
58.107 138.434 67.754
50.781 134.245 72.249
44.395 132.422 72.718
38.032 136.640 64.174
47.016 140.399 62.079
55.889 141.758 57.906
51.347 140.891 49.188
44.373 137.768 50.629
37.450 132.577 56.459
69.703 164.258 72.161
69.024 154.637 69.387
62.969 165.420 68.114
59.135 160.608 72.053
60.910 152.387 71.951
52.387 155.527 74.262
53.145 149.756 76.263
56.538 145.797 71.406
52.562 157.206 65.987
46.678 149.069 66.705
54.033 146.779 59.402
50.673 146.189 46.271
44.607 151.673 43.917
45.278 149.892 52.413
47.178 152.796 58.243
49.630 156.526 48.843
57.058 158.470 45.740
60.016 157.682 52.972
56.995 159.387 59.324
63.102 163.841 62.065
73.532 169.004 59.163
73.854 167.133 53.491
67.896 155.139 58.410
72.405 156.390 48.386
65.478 156.145 44.927
55.235 123.627 90.284
68.029 124.203 95.696
65.417 122.888 90.221
61.714 123.022 86.110
73.904 128.528 84.060
74.286 124.484 80.585
65.697 122.349 78.514
73.825 125.906 74.194
72.213 126.742 68.364
70.368 121.373 59.991
61.250 119.531 63.510
63.776 122.343 71.173
53.670 119.979 69.487
52.637 121.842 79.607
46.553 123.167 72.754
47.106 131.185 65.402
56.285 130.853 60.922
56.259 125.371 65.745
61.654 121.011 57.064
64.294 126.614 54.338
62.386 131.369 54.631
70.848 128.079 45.545
69.866 120.212 48.869
48.177 129.287 57.494
37.765 123.339 60.318
37.062 125.062 49.060
33.909 124.737 35.604
39.828 121.559 43.307
44.086 121.988 55.662
51.001 121.808 51.321
57.491 128.562 48.766
47.222 125.089 27.392
61.015 122.931 37.593
60.314 126.781 40.181
67.969 133.372 41.411
62.691 129.623 44.977
57.337 123.762 45.691
52.968 121.843 40.803
45.570 124.233 34.166
38.726 128.199 24.915
44.895 130.757 14.849
40.552 132.068 11.041
34.751 134.302 16.655
30.713 128.890 21.911
31.894 129.597 32.458
35.979 133.978 42.796
34.008 138.927 28.412
39.020 144.401 26.461
39.435 143.841 15.907
47.611 140.936 14.466
49.639 150.507 15.489
49.645 157.977 19.142
55.429 164.006 29.136
45.591 148.558 23.762
50.327 155.711 31.885
51.506 149.296 37.803
41.092 144.841 37.468
42.891 143.906 40.555
53.854 161.161 39.458
57.847 163.582 41.691
63.260 162.442 32.808
67.451 160.346 36.719
46.224 125.069 16.924
48.548 120.619 23.318
55.461 132.185 17.680
57.081 125.227 22.821
58.361 121.635 29.768
64.079 131.010 23.708
60.479 136.953 24.574
72.894 138.513 29.524
70.514 135.192 26.341
67.135 127.648 30.226
66.639 123.202 34.895
70.638 131.478 37.886
80.453 131.737 37.947
75.396 127.588 32.100
80.636 130.020 30.116
83.999 137.625 30.571
57.808 141.179 24.116
56.251 144.978 17.596
60.001 156.604 17.782
60.253 155.078 26.851
67.859 157.376 19.231
67.803 147.520 20.548
79.922 143.504 28.678
76.425 144.837 21.611
80.083 153.886 18.111
74.579 154.581 23.481
86.406 152.752 21.056
86.391 140.628 23.465
90.182 145.317 29.512
102.784 148.600 21.980
95.429 143.768 22.442
94.454 151.796 20.273
102.446 151.192 18.433
108.979 153.476 19.706
117.250 154.435 19.825
127.122 151.464 14.286
134.214 149.759 8.951
139.699 145.163 7.509
92.247 130.965 30.263
96.332 138.895 29.012
101.009 144.419 26.212
107.642 138.947 21.171
111.002 147.386 20.372
116.956 145.124 16.224
126.072 147.851 12.654
127.536 140.930 15.084
138.308 142.581 13.408
149.140 150.355 21.666
150.361 150.405 15.792
149.251 145.487 18.947
145.374 142.426 14.400
70.683 161.850 31.359
74.191 169.046 26.053
74.769 163.562 23.913
84.297 159.156 24.811
82.954 171.856 22.477
89.445 171.888 18.836
93.554 163.836 19.672
102.168 172.152 21.252
102.098 162.571 20.077
110.525 167.307 17.556
110.320 160.456 19.714
119.570 166.082 14.616
125.047 164.794 9.438
121.296 158.518 16.843
128.721 161.095 8.977
133.443 157.404 7.832
141.760 152.287 11.145
70.228 164.789 41.507
73.573 167.682 32.259
72.745 172.673 38.037
79.185 173.618 31.011
86.125 178.458 38.360
88.944 172.879 30.218
94.671 176.984 32.927
104.000 175.341 26.745
103.207 172.116 32.233
98.572 162.475 34.501
113.969 165.621 29.932
111.355 174.747 28.860
118.231 174.899 26.461
124.298 168.353 20.887
124.334 169.378 26.566
131.853 169.546 25.353
134.505 162.127 16.996
139.625 165.794 19.811
145.499 158.501 18.781
77.326 166.302 41.515
79.702 167.913 50.245
84.604 166.909 45.102
90.376 167.473 39.035
93.314 165.458 44.390
83.263 176.395 55.313
88.792 175.477 52.581
90.959 168.695 57.559
89.290 157.036 57.080
94.087 163.670 51.790
93.917 176.611 51.154
97.944 177.656 47.103
101.814 171.521 41.702
104.784 177.369 47.576
100.432 169.085 50.084
112.986 175.189 49.330
112.725 172.011 42.068
103.282 159.757 39.730
116.678 163.887 37.263
122.285 170.698 47.933
111.166 155.965 43.744
118.161 158.068 38.979
127.634 171.825 42.326
124.561 168.571 36.214
130.891 162.902 29.207
134.895 168.075 41.931
128.157 163.622 42.692
127.857 159.460 34.875
139.950 166.003 36.742
141.392 160.945 25.022
144.848 163.119 32.352
136.266 158.089 31.938
146.686 157.856 28.578
148.863 154.738 25.254
112.863 166.557 49.475
106.345 162.158 50.455
103.203 157.108 50.999
97.697 151.447 53.628
