# '/Users/macshine/Documents/Drafts/Integration/Infomap/test1.net /Users/macshine/Documents/Drafts/Integration/Infomap -u --clu --num-trials 1000' -> 375 nodes partitioned in 12s from codelength 8.360157911 in one level to codelength 6.888239475 in 2 levels.
# nodeId clusterIndex flow:
207 1 0.00677507
74 1 0.00542005
204 1 0.00542005
139 1 0.00338753
35 1 0.00271003
130 1 0.00271003
214 1 0.00271003
261 1 0.00271003
295 1 0.00271003
60 1 0.00203252
120 1 0.00203252
109 1 0.00135501
375 1 0.00135501
15 1 0.000677507
43 2 0.00609756
26 2 0.00474255
175 2 0.00474255
372 2 0.00474255
20 2 0.00406504
44 2 0.00406504
154 2 0.00406504
36 2 0.00271003
58 2 0.00271003
360 2 0.00271003
305 3 0.00609756
325 3 0.00474255
93 3 0.00406504
322 3 0.00406504
79 3 0.00338753
144 3 0.00338753
226 3 0.00338753
368 3 0.00338753
34 3 0.00271003
306 3 0.00271003
308 3 0.00271003
312 4 0.00542005
80 4 0.00474255
302 4 0.00474255
345 4 0.00474255
9 4 0.00406504
176 4 0.00406504
237 4 0.00338753
371 4 0.00338753
52 4 0.00271003
239 4 0.00203252
136 5 0.00609756
140 5 0.00474255
88 5 0.00406504
341 5 0.00406504
113 5 0.00338753
126 5 0.00338753
124 5 0.00271003
145 5 0.00271003
269 5 0.00271003
179 5 0.000677507
254 6 0.00474255
264 6 0.00474255
129 6 0.00406504
69 6 0.00338753
137 6 0.00338753
335 6 0.00338753
100 6 0.00271003
5 6 0.00203252
89 6 0.00203252
287 6 0.00203252
236 7 0.00474255
203 7 0.00406504
11 7 0.00338753
17 7 0.00338753
364 7 0.00338753
370 7 0.00338753
234 7 0.00271003
334 7 0.00271003
8 7 0.00203252
85 7 0.00203252
163 7 0.000677507
128 8 0.00813008
238 8 0.00542005
211 8 0.00474255
78 8 0.00338753
270 8 0.00338753
150 8 0.00271003
173 8 0.00271003
320 8 0.00203252
143 9 0.00406504
1 9 0.00338753
94 9 0.00338753
116 9 0.00338753
230 9 0.00338753
21 9 0.00271003
152 9 0.00203252
199 9 0.00203252
209 9 0.00203252
215 9 0.00203252
227 9 0.00135501
181 9 0.000677507
267 9 0.000677507
340 9 0.000677507
311 10 0.00677507
59 10 0.00474255
30 10 0.00338753
191 10 0.00338753
188 10 0.00271003
318 10 0.00271003
156 10 0.00203252
258 10 0.00203252
357 10 0.00203252
285 10 0.00135501
84 11 0.00474255
184 11 0.00474255
86 11 0.00338753
104 11 0.00338753
24 11 0.00271003
45 11 0.00271003
63 11 0.00271003
244 11 0.00203252
293 11 0.00203252
56 11 0.00135501
350 11 0.000677507
10 12 0.00474255
77 12 0.00474255
242 12 0.00474255
299 12 0.00406504
3 12 0.00271003
27 12 0.00271003
297 12 0.00203252
219 12 0.00135501
224 12 0.00135501
46 12 0.000677507
316 12 0.000677507
14 13 0.00474255
374 13 0.00474255
321 13 0.00406504
158 13 0.00338753
165 13 0.00338753
354 13 0.00271003
112 13 0.00203252
351 13 0.00203252
51 13 0.00135501
336 13 0.000677507
243 14 0.00677507
276 14 0.00406504
268 14 0.00338753
155 14 0.00271003
248 14 0.00271003
103 14 0.00203252
146 14 0.00203252
221 14 0.00203252
324 14 0.00135501
332 14 0.00135501
314 14 0.000677507
218 15 0.00542005
319 15 0.00542005
114 15 0.00338753
310 15 0.00338753
99 15 0.00271003
298 15 0.00203252
317 15 0.00203252
138 15 0.000677507
286 16 0.00474255
16 16 0.00406504
339 16 0.00406504
121 16 0.00338753
277 16 0.00338753
327 16 0.00271003
185 16 0.00203252
66 17 0.00474255
283 17 0.00474255
22 17 0.00271003
102 17 0.00271003
92 17 0.00203252
240 17 0.00203252
284 17 0.00203252
366 17 0.00203252
304 17 0.000677507
192 18 0.00474255
245 18 0.00474255
205 18 0.00338753
4 18 0.00271003
288 18 0.00271003
363 18 0.00203252
291 18 0.00135501
271 19 0.00406504
241 19 0.00338753
273 19 0.00338753
331 19 0.00338753
7 19 0.00271003
356 19 0.00271003
252 19 0.00135501
315 20 0.00406504
75 20 0.00338753
169 20 0.00338753
210 20 0.00271003
329 20 0.00271003
32 20 0.00203252
18 20 0.00135501
98 20 0.000677507
249 21 0.00474255
127 21 0.00338753
28 21 0.00271003
235 21 0.00271003
166 21 0.00203252
355 21 0.00203252
71 21 0.00135501
47 21 0.000677507
187 21 0.000677507
275 22 0.00474255
193 22 0.00406504
323 22 0.00338753
194 22 0.00271003
50 22 0.00203252
153 22 0.00203252
289 22 0.00135501
367 23 0.00406504
72 23 0.00271003
164 23 0.00271003
167 23 0.00271003
178 23 0.00271003
231 23 0.00203252
337 23 0.00203252
361 23 0.00135501
183 24 0.00406504
33 24 0.00271003
76 24 0.00271003
168 24 0.00271003
180 24 0.00203252
278 24 0.00203252
292 24 0.00203252
48 24 0.00135501
87 25 0.00542005
53 25 0.00406504
131 25 0.00271003
73 25 0.00203252
132 25 0.00203252
301 25 0.00135501
349 25 0.00135501
353 25 0.000677507
111 26 0.00474255
97 26 0.00406504
134 26 0.00338753
358 26 0.00338753
250 26 0.00203252
326 26 0.00135501
125 26 0.000677507
186 27 0.00474255
255 27 0.00406504
172 27 0.00203252
195 27 0.00203252
272 27 0.00203252
141 27 0.00135501
208 27 0.00135501
253 27 0.00135501
216 28 0.00542005
290 28 0.00338753
148 28 0.00271003
342 28 0.00271003
70 28 0.00203252
23 28 0.00135501
222 28 0.000677507
174 29 0.00406504
202 29 0.00406504
338 29 0.00338753
31 29 0.00203252
190 29 0.00203252
197 29 0.00135501
106 29 0.000677507
161 29 0.000677507
95 30 0.00406504
65 30 0.00338753
246 30 0.00271003
42 30 0.00203252
119 30 0.00203252
212 30 0.00135501
348 30 0.00135501
54 30 0.000677507
142 31 0.00338753
262 31 0.00271003
282 31 0.00203252
365 31 0.00203252
373 31 0.00203252
123 31 0.00135501
133 31 0.00135501
300 31 0.00135501
55 31 0.000677507
105 32 0.00271003
260 32 0.00271003
347 32 0.00271003
162 32 0.00203252
200 32 0.00203252
61 32 0.00135501
157 32 0.00135501
330 32 0.00135501
217 32 0.000677507
307 33 0.00406504
220 33 0.00338753
2 33 0.00271003
196 33 0.00203252
206 33 0.00203252
12 33 0.00135501
259 34 0.00338753
6 34 0.00271003
247 34 0.00271003
64 34 0.00203252
229 34 0.00203252
90 34 0.00135501
198 34 0.00135501
223 35 0.00406504
117 35 0.00338753
122 35 0.00271003
296 35 0.00271003
41 35 0.00135501
251 35 0.00135501
369 36 0.00338753
25 36 0.00271003
171 36 0.00271003
118 36 0.00203252
177 36 0.00135501
256 36 0.00135501
147 36 0.000677507
96 37 0.00338753
281 37 0.00338753
83 37 0.00271003
228 37 0.00203252
49 37 0.00135501
359 37 0.000677507
57 38 0.00338753
279 38 0.00271003
39 38 0.00203252
333 38 0.00203252
159 38 0.00135501
110 38 0.000677507
265 38 0.000677507
107 39 0.00271003
82 39 0.00203252
101 39 0.00203252
115 39 0.00203252
151 39 0.00135501
280 39 0.00135501
328 39 0.00135501
170 40 0.00271003
213 40 0.00271003
274 40 0.00271003
38 40 0.00135501
68 40 0.00135501
294 40 0.00135501
343 41 0.00271003
91 41 0.00203252
232 41 0.00203252
344 41 0.00203252
189 41 0.00135501
149 41 0.000677507
81 42 0.00271003
257 42 0.00271003
225 42 0.00203252
29 42 0.00135501
309 42 0.00135501
266 43 0.00338753
135 43 0.00271003
263 43 0.00203252
362 43 0.00135501
303 43 0.000677507
67 44 0.00338753
352 44 0.00271003
19 44 0.00135501
182 44 0.00135501
13 44 0.000677507
313 45 0.00271003
160 45 0.00203252
346 45 0.00203252
201 45 0.000677507
37 46 0
40 47 0
62 48 0
108 49 0
233 50 0
