2.00 49.00
2.00 49.00
2.00 49.00
2.00 49.00
2.00 49.00
2.00 49.00
2.00 49.00
2.00 49.00
2.00 49.00
2.00 49.00
1.00 10.00
1.00 10.00
1.00 10.00
1.00 10.00
1.00 10.00
1.00 10.00
1.00 10.00
1.00 10.00
1.00 10.00
1.00 10.00
1.00 10.00
1.00 10.00
1.00 10.00
1.00 10.00
1.00 10.00
1.00 10.00
1.00 10.00
1.00 10.00
1.00 10.00
1.00 10.00
1.00 10.00
1.00 10.00
1.00 10.00
1.00 10.00
1.00 10.00
1.00 10.00
1.00 10.00
1.00 10.00
1.00 10.00
1.00 10.00
1.00 10.00
1.00 10.00
1.00 10.00
1.00 10.00
1.00 10.00
1.00 10.00
1.00 10.00
1.00 10.00
1.00 10.00
1.00 10.00
