title
0.07168866018764675
0.7293968638405204
0.838057056767866
0.11978722806088626
0.890909668058157
0.9537825407460332
0.9188284613192081
0.645461525535211
0.6581743906717747
0.029678402235731483
0.2816375605762005
0.8235765832941979
0.9115521812345833
0.37930675223469734
0.08348451089113951
0.26381202111952007
0.502917603822425
0.6197321391664445
0.6982401576824486
0.20202009659260511
0.4523786825593561
0.418642433360219
0.20612112781964242
0.3816637701820582
0.2572655607946217
0.5602094659116119
0.40326261846348643
0.9188898750580847
0.5944559930358082
0.22063301387242973
0.06532111135311425
0.557051058858633
0.4014558282215148
0.17921876208856702
0.3474741308018565
0.990107653895393
0.5453200615011156
0.36681823688559234
0.662753883516416
0.4878224537242204
0.3646750091575086
0.13070294097997248
0.46859418926760554
0.5721758976578712
0.42742929072119296
0.7058831732720137
0.9822123099584132
0.40896858647465706
0.9283676873892546
0.4430479905568063
0.24751184368506074
0.502872608602047
0.7898979526944458
0.7914772822987288
0.4825119776651263
0.6597429749090225
0.04668367560952902
0.7612565581221133
0.2733093418646604
0.8115207043010741
0.5676474552601576
0.8123328245710582
0.5048904481809586
0.2606011286843568
0.5693958979099989
0.023994912393391132
0.6389539355877787
0.2125976514071226
0.0914419605396688
0.5533685351256281
0.10569478617981076
0.6054360857233405
0.8052892587147653
0.4117085258476436
0.12545419577509165
0.8416307077277452
0.6058853329159319
0.2612352108117193
0.15204221871681511
0.3273630770854652
0.3797760745510459
0.45135946455411613
0.034775489242747426
0.11347743053920567
0.7719011218287051
0.32262969948351383
0.9892574220430106
0.13199593755416572
0.02527988189831376
0.6283698230981827
0.28245719964616
0.8445319030433893
0.9211129557806998
0.8827836581040174
0.8125591496936977
0.44322147429920733
0.24192235642112792
0.81047940463759
0.8511220060754567
0.9164806620683521