-0.3922436353750527 0.7214077962562442 0.09986685076728463
-0.16753402492031455 0.5292752529494464 -0.09856622153893113
0.17158408975228667 0.6519278795458376 -0.6231165872886777
0.2686380119994283 0.245169626083225 -0.6378624942153692
0.39469736022874713 -0.7507856036536396 0.5776926605030894
0.40884385956451297 0.34101698035374284 -0.3207996399141848
-0.6691325339488685 0.251279357355088 -0.8494801758788526
-0.9118542401120067 0.11125439684838057 0.6196565609425306
-0.7851187344640493 -0.3713428149931133 -0.7132644997909665
0.6019738619215786 0.4037577277049422 -0.9908101274631917
-0.9939714502543211 -0.6017640735954046 0.9781498541124165
-0.8565277317538857 0.18454919895157218 0.2919681458733976
-0.6052202531136572 -0.8442597799003124 0.9421878480352461
0.35330739337950945 -0.4305871627293527 -0.40025340020656586
0.3146189684048295 -0.49401817098259926 0.20712479297071695
-0.4366461248137057 0.06337284529581666 -0.5635219840332866
0.7096766694448888 0.21346777537837625 -0.20750532113015652
-0.2432966185733676 0.2188357524573803 0.37115214858204126
0.7058566398918629 -0.3083921861834824 0.8254008158110082
0.7631253539584577 0.6019201464951038 -0.2905247649177909
-0.7672911491245031 0.7137047834694386 0.7880234946496785
-0.9898040229454637 -0.730618298985064 -0.0999027038924396
-0.3852423233911395 -0.880288805346936 -0.8212157785892487
0.291611828841269 0.5153098814189434 0.021532989107072353
-0.6696008620783687 0.09196317754685879 0.9397042826749384
0.04210538184270263 0.3034905451349914 0.793031211476773
-0.3143834248185158 -0.9960681274533272 -0.3816736415028572
-0.7496986170299351 -0.37779030622914433 -0.8024599528871477
0.2722570854239166 -0.3265955923125148 0.7678816798143089
-0.4290641616098583 -0.7746038930490613 0.6199181051924825
-0.07674883306026459 -0.38765979604795575 -0.34223358193412423
0.3173287520185113 0.4925998402759433 0.6560430410318077
-0.25350479828193784 0.6789493262767792 0.21518851490691304
-0.8527303403243423 0.2034049849025905 0.3363396544009447
-0.5628046575002372 -0.009645202197134495 0.6967534204013646
-0.38226975966244936 0.7113913269713521 -0.9236901011317968
-0.9493215400725603 0.40601749438792467 -0.70043904799968
0.46350048715248704 -0.5452228975482285 0.9589166971854866
-0.03731813747435808 0.6052716001868248 0.01479395478963852
-0.24609444895759225 -0.3413477772846818 0.3130068890750408
0.35992208076640964 0.24640165455639362 -0.05324824480339885
-0.8118264176882803 -0.009404514916241169 -0.9698832589201629
-0.19877940881997347 0.7974694212898612 -0.6689365161582828
0.4105273340828717 0.8110501659102738 0.3519224673509598
0.2226805267855525 -0.13588405260816216 -0.8464346472173929
0.0048231082037091255 -0.02111143060028553 0.5159589238464832
-0.509627191349864 0.5437647015787661 -0.8325134944170713
-0.9024332677945495 0.13758050790056586 -0.5275963190943003
0.353084868285805 0.7632031864486635 -0.4275787924416363
0.18545847292989492 0.9169546710327268 -0.4051940133795142
-0.4522146750241518 -0.7233828604221344 0.45295602595433593
-0.3815333233214915 -0.15014236001297832 0.029045706149190664
0.5043665203265846 0.9662779597565532 0.8573309564962983
-0.7933389553800225 -0.8685869360342622 0.35557280480861664
-0.21160595817491412 0.06472380552440882 -0.2913972972892225
-0.8718076744116843 0.1690707067027688 -0.6798125235363841
-0.19514387659728527 0.3548868387006223 -0.6816456113010645
0.8420446664094925 -0.9129323433153331 -0.6815157383680344
-0.7555630938149989 -0.1048237169161439 -0.9794433191418648
-0.44762526266276836 0.20365006942301989 0.849649699870497
0.3383994069881737 0.48055357160046697 -0.6797704459168017
0.9910199018195271 0.7696685511618853 0.397096904926002
-0.8952285307459533 0.33059725165367126 -0.308648272883147
0.32031173538416624 -0.12564500141888857 -0.4918607398867607
0.6022568247281015 -0.5832364531233907 -0.5919150109402835
0.8160823294892907 0.8644013628363609 0.2688941233791411
-0.3935215389356017 0.1083144061267376 -0.06001504743471742
0.9986924352124333 -0.4013975183479488 0.3492520656436682
0.01893251296132803 0.5149841592647135 0.4442024207673967
0.042596588376909494 0.9708767957054079 -0.1846868903376162
-0.46142654912546277 -0.8327362965792418 0.4191891001537442
0.481625871732831 0.6005568508990109 -0.5781859429553151
0.7461462002247572 -0.26342120254412293 -0.12167155183851719
-0.5720561943016946 0.5938240261748433 -0.46930514462292194
-0.578401570674032 0.04994777636602521 -0.7045773766003549
-0.46603100607171655 0.4894408332183957 -0.78358802665025
-0.8955801539123058 -0.5969904218800366 0.8414205159060657
-0.4444890534505248 0.8282679640688002 0.4474870217964053
-0.44618201022967696 0.45713148545473814 -0.9235066035762429
0.2821128834038973 -0.6349663301371038 0.676907760091126
-0.7552862716838717 -0.7789922337979078 -0.703221118543297
-0.48387047089636326 0.604099509306252 0.9831195385195315
0.6128172720782459 0.2028058534488082 -0.2650983934290707
-0.5338865052908659 0.8945046616718173 0.9764171307906508
0.19191847275942564 -0.5978429401293397 -0.2658696286380291
0.9397985460236669 -0.40565034560859203 -0.6994133088737726
0.3978487951681018 -0.09383526630699635 -0.5786200114525855
0.3016097256913781 -0.9418929656967521 0.9997129733674228
-0.48633083747699857 0.5038281343877316 0.9202956012450159
0.2078946945257485 -0.29177846712991595 0.5647907359525561
0.33724897913634777 -0.5066493833437562 0.4173367442563176
-0.4425908047705889 -0.6238010465167463 -0.13758594077080488
0.107699457090348 -0.9942527185194194 0.7483808319084346
-0.2109482605010271 -0.2723614810965955 0.3970908015035093
0.26786281960085034 0.7700374047271907 0.8009374761022627
0.32405580626800656 -0.1418457329273224 -0.6639932212419808
-0.7103007715195417 -0.10604382771998644 -0.9762809094972908
0.7761803274042904 -0.9447090970352292 -0.04129144083708525
0.001162037719041109 0.17255428060889244 0.28679516119882464
-0.14793436182662845 -0.17040781071409583 0.7393083884380758
