title
0.09375433041714132
0.4270909687038511
0.2465841476805508
0.9915185403078794
0.10335204005241394
0.6332308333367109
0.06593820755369961
0.9503145748749375
0.9654252913314849
0.8486483998131007
0.3903199965134263
0.6999122276902199
0.4016574176494032
0.07015945436432958
0.8186185713857412
0.4406837474089116
0.5743255838751793
0.21111328923143446
0.3874087256845087
0.9773658295162022
0.834475455339998
0.8108673293609172
0.16716083022765815
0.11850991914980114
0.5965981043409556
0.5166727700270712
0.5907744215801358
0.5319189114961773
0.43001693207770586
0.1894018091261387
0.8576845356728882
0.04548245924524963
0.08155586570501328
0.2322412736248225
0.28745110565796494
0.6984750658739358
0.5124517362564802
0.686790945706889
0.8355256230570376
0.7139386627823114
0.35571816260926425
0.6998344643507153
0.016558231320232153
0.6933654674794525
0.27409289474599063
0.8237589641939849
0.21086593042127788
0.05417917692102492
0.7197086138185114
0.1345873239915818
0.720836074789986
0.5153042578604072
0.864505359204486
0.11198125337250531
0.03881527134217322
0.6507227490656078
0.33108159829862416
0.37016182532534003
0.8542170887812972
0.3687628279440105
0.9625808028504252
0.24198780534788966
0.05381946568377316
0.4005987585987896
0.6342808003537357
0.1307071230839938
0.8178730350919068
0.2517775930464268
0.6384611090179533
0.4715481223538518
0.08436613483354449
0.24591193231754005
0.7921304297633469
0.1628335011191666
0.9804088338278234
0.7958882516250014
0.043437187327072024
0.19901006226427853
0.07439679489471018
0.2450931048952043
0.9331212290562689
0.23413565033115447
0.6361167747527361
0.09883601195178926
0.10112029244191945
0.22071132250130177
0.30517456494271755
0.1049413038417697
0.05646918388083577
0.9579564677551389
0.7959192451089621
0.5874792668037117
0.4588075135834515
0.34851250192150474
0.7749132546596229
0.5851291057188064
0.0851658396422863
0.583190931705758
0.9556812092196196
0.948557729832828