0.319682 0.246119 0.344248
0.481061 0.381937 0.905086
0.772919 0.062213 0.727883
0.937530 0.582354 0.194352
0.273362 0.787852 0.014966
0.026259 0.647076 0.800116
0.655710 0.756409 0.678690
0.373737 0.236406 0.964371
0.712285 0.377182 0.789655
0.829798 0.229980 0.000014
0.778831 0.509332 0.036899
0.981981 0.809263 0.515734
0.075643 0.390139 0.249999
0.613575 0.365165 0.855632
0.565671 0.827631 0.217410
0.557399 0.533664 0.145323
0.895013 0.004940 0.743039
0.768175 0.575570 0.603333
0.747432 0.615714 0.289580
0.928800 0.707945 0.149952
0.962743 0.668807 0.931815
0.572781 0.247011 0.675133
0.694885 0.894921 0.118118
0.020349 0.861947 0.240751
0.517445 0.183999 0.341637
0.723548 0.577768 0.661034
0.053039 0.128779 0.585511
0.528252 0.961050 0.917070
0.009456 0.979815 0.344252
0.623377 0.117133 0.633985
0.350780 0.955710 0.806851
0.960514 0.653615 0.558607
0.602382 0.742058 0.358795
0.896600 0.005631 0.355916
0.030459 0.324216 0.172493
0.400041 0.028005 0.416020
0.132671 0.198646 0.943138
0.825937 0.090427 0.248761
0.592911 0.102839 0.180627
0.508033 0.469111 0.549257
0.942354 0.459069 0.980416
0.876500 0.385641 0.346725
0.690361 0.661752 0.254185
0.489909 0.306534 0.066364
0.944844 0.033731 0.571280
0.311986 0.630551 0.391206
0.948187 0.099496 0.845511
0.568108 0.978704 0.827782
0.788650 0.504625 0.292230
0.979840 0.438775 0.889997
0.481783 0.915661 0.144427
0.669513 0.087434 0.842949
0.764883 0.269046 0.180141
0.681965 0.509568 0.012813
0.824027 0.185016 0.852450
0.884842 0.755842 0.260645
0.405442 0.562582 0.088448
0.247107 0.259544 0.319768
0.682566 0.701496 0.370061
0.836383 0.027917 0.815160
0.915708 0.309006 0.408243
0.721901 0.023086 0.360228
0.810027 0.626784 0.619722
0.013197 0.302130 0.199310
0.642324 0.004088 0.998387
0.706004 0.972741 0.363909
0.340901 0.491016 0.731393
0.741004 0.275723 0.899727
0.351723 0.068436 0.623960
0.976181 0.285629 0.885424
0.823377 0.172841 0.455814
0.121393 0.194352 0.821055
0.710632 0.271420 0.301821
0.824741 0.034217 0.584442
0.647964 0.388760 0.219579
0.747736 0.290718 0.217081
0.011549 0.877311 0.959544
0.655399 0.564473 0.165175
0.660564 0.516056 0.654690
0.494515 0.810807 0.962507
0.685713 0.966448 0.914014
0.092237 0.700088 0.817068
0.812165 0.019531 0.509571
0.207721 0.827413 0.732359
0.594436 0.329422 0.006036
0.883258 0.322290 0.238794
0.775962 0.175538 0.881231
0.011744 0.930712 0.066991
0.516194 0.510830 0.944634
0.005006 0.505744 0.211901
0.427857 0.313680 0.171836
0.051982 0.612939 0.206757
0.833928 0.799397 0.402085
0.364837 0.725444 0.047480
0.031897 0.170613 0.090341
0.908671 0.566679 0.674299
0.621376 0.134989 0.436514
0.755800 0.804137 0.677017
0.848235 0.570735 0.619277
0.184660 0.607341 0.878351
0.492585 0.338930 0.702970
0.730352 0.804294 0.090405
0.404959 0.531834 0.243134
0.230514 0.960210 0.894956
0.925534 0.040725 0.957150
0.303357 0.493250 0.938851
0.598096 0.893569 0.665639
0.560428 0.128171 0.648565
0.610251 0.747670 0.735224
0.650871 0.767979 0.772292
0.208226 0.205430 0.216939
0.482467 0.033189 0.077109
0.670962 0.037738 0.794732
0.637429 0.322414 0.501821
0.836375 0.207601 0.611674
0.706667 0.230140 0.471482
0.427053 0.480553 0.789594
0.262479 0.641015 0.393090
0.267698 0.848329 0.693429
0.671473 0.509347 0.202507
0.804857 0.213610 0.011457
0.748493 0.121004 0.665921
0.580328 0.755896 0.482616
0.768452 0.306084 0.518279
0.846633 0.731507 0.526944
0.330795 0.777766 0.591923
0.006719 0.271770 0.122198
0.874413 0.900532 0.150248
0.161284 0.558558 0.465539
0.203138 0.193194 0.546317
0.816442 0.239778 0.294554
0.685483 0.175414 0.979651
0.076237 0.556116 0.620782
0.729592 0.303166 0.257673
0.097658 0.371491 0.509821
0.008750 0.697507 0.952867
0.352149 0.629894 0.240822
0.345575 0.720382 0.719250
0.891258 0.807503 0.261101
0.307204 0.165821 0.564657
0.029456 0.746892 0.064524
0.517415 0.501660 0.961702
0.673273 0.963708 0.660720
0.040120 0.832266 0.597764
0.524637 0.395082 0.412588
0.442866 0.941663 0.694553
0.315445 0.291590 0.401810
0.240247 0.767838 0.336189
0.214874 0.358888 0.402592
0.385615 0.752706 0.624402
0.529715 0.790893 0.983998
0.939168 0.241846 0.016981
0.057815 0.773683 0.293727
0.444887 0.537373 0.546014
0.578753 0.278191 0.116056
0.146160 0.749214 0.063170
0.417242 0.724515 0.490517
0.097098 0.465349 0.099088
0.139664 0.606096 0.075533
0.415507 0.075462 0.362015
0.985013 0.211119 0.129739
0.243312 0.915301 0.109961
0.166518 0.047826 0.089444
0.563916 0.100447 0.670222
0.445793 0.588595 0.184797
0.953190 0.464826 0.009402
0.339643 0.615703 0.865360
0.035000 0.987957 0.315995
0.342963 0.436080 0.819381
0.220817 0.362434 0.689107
0.311413 0.249023 0.988623
0.247472 0.179729 0.457910
0.427312 0.466761 0.829671
0.849585 0.014985 0.628033
0.847626 0.829572 0.951586
0.587834 0.067586 0.083681
0.372324 0.141808 0.639642
0.677332 0.860658 0.450401
0.748632 0.960722 0.606272
0.379789 0.521653 0.195901
0.139644 0.195094 0.002731
0.250766 0.806862 0.570158
0.675645 0.291504 0.663015
0.056235 0.139217 0.719035
0.726331 0.479788 0.845402
0.949245 0.353715 0.551242
0.995935 0.058964 0.200711
0.783387 0.364109 0.639076
0.606754 0.387318 0.221240
0.799436 0.917215 0.794106
0.151939 0.846791 0.947937
0.424008 0.686211 0.996119
0.724582 0.344317 0.302488
0.157710 0.899617 0.126746
0.884984 0.332981 0.168315
0.240052 0.492799 0.830568
0.800933 0.869072 0.020473
0.937486 0.805024 0.344084
0.079987 0.028731 0.069988
0.699436 0.861076 0.317793
