0.298 4.000 1.000 1.000 1.000 1.000 1.000 1.000 2.000 1.000 3.000 3.000 1.000 1.000 2.000 4.000 2.000 1.000 1.000 3.000 2.000 1.000 1.000 2.000 1.000 1.000 3.000 4.000 2.000 2.000 1.000 4.000 3.000 4.000 2.000 1.000 1.000 1.000 2.000 1.000 2.000 1.000 4.000 1.000 1.000 1.000 4.000 2.000 3.000 3.000 1.000 1.000 3.000 2.000 4.000 2.000 2.000 1.000 4.000 1.000 2.000 1.000 2.000 3.000 2.000 1.000 1.000 1.000 3.000 4.000 1.000 1.000 1.000 3.000
0.328 3.000 4.000 4.000 3.000 3.000 2.000 1.000 2.000 2.000 4.000 4.000 1.000 2.000 1.000 1.000 2.000 2.000 2.000 1.000 1.000 2.000 3.000 3.000 2.000 1.000 1.000 1.000 3.000 3.000 2.000 3.000 1.000 3.000 2.000 1.000 3.000 3.000 2.000 3.000 3.000 4.000 2.000 3.000 1.000 2.000 2.000 3.000 1.000 2.000 2.000 3.000 2.000 1.000 2.000 2.000 2.000 3.000 2.000 2.000 2.000 1.000 3.000 3.000 1.000 1.000 2.000 3.000 4.000 4.000 5.000 3.000 3.000 3.000
0.331 3.000 4.000 4.000 1.000 1.000 1.000 1.000 3.000 3.000 1.000 3.000 1.000 1.000 1.000 1.000 2.000 2.000 2.000 3.000 1.000 2.000 2.000 3.000 2.000 1.000 1.000 1.000 3.000 2.000 4.000 3.000 1.000 3.000 2.000 1.000 1.000 1.000 1.000 1.000 3.000 3.000 2.000 3.000 2.000 2.000 1.000 3.000 1.000 1.000 2.000 1.000 3.000 2.000 2.000 2.000 2.000 1.000 2.000 3.000 1.000 2.000 1.000 1.000 2.000 1.000 1.000 3.000 4.000 4.000 1.000 3.000 3.000 3.000
0.317 2.000 4.000 1.000 1.000 1.000 1.000 1.000 3.000 1.000 3.000 3.000 1.000 1.000 2.000 4.000 2.000 1.000 1.000 3.000 2.000 1.000 1.000 2.000 3.000 1.000 1.000 2.000 4.000 2.000 4.000 1.000 1.000 1.000 2.000 1.000 1.000 1.000 1.000 1.000 3.000 1.000 4.000 1.000 1.000 1.000 1.000 2.000 1.000 3.000 1.000 1.000 3.000 2.000 3.000 2.000 1.000 1.000 2.000 2.000 1.000 2.000 2.000 3.000 2.000 3.000 1.000 4.000 4.000 4.000 1.000 1.000 2.000 3.000
0.330 3.000 4.000 4.000 1.000 1.000 3.000 1.000 3.000 3.000 2.000 3.000 1.000 1.000 1.000 1.000 2.000 4.000 2.000 3.000 1.000 2.000 2.000 3.000 2.000 1.000 1.000 1.000 3.000 2.000 4.000 3.000 1.000 2.000 2.000 1.000 1.000 3.000 1.000 1.000 3.000 3.000 2.000 3.000 1.000 2.000 1.000 2.000 1.000 2.000 2.000 1.000 3.000 2.000 2.000 2.000 1.000 1.000 2.000 2.000 1.000 2.000 1.000 1.000 2.000 3.000 1.000 3.000 4.000 4.000 3.000 2.000 2.000 1.000
0.290 4.000 1.000 1.000 1.000 2.000 1.000 2.000 3.000 1.000 3.000 4.000 1.000 2.000 2.000 4.000 3.000 1.000 1.000 3.000 2.000 1.000 1.000 2.000 1.000 1.000 3.000 3.000 2.000 2.000 1.000 4.000 3.000 3.000 3.000 2.000 1.000 1.000 2.000 3.000 2.000 1.000 4.000 1.000 1.000 1.000 4.000 2.000 3.000 3.000 1.000 1.000 1.000 2.000 1.000 1.000 2.000 1.000 4.000 1.000 2.000 1.000 2.000 1.000 4.000 2.000 3.000 1.000 1.000 4.000 1.000 2.000 1.000 2.000
0.335 3.000 4.000 4.000 3.000 1.000 1.000 1.000 1.000 2.000 4.000 2.000 1.000 1.000 1.000 4.000 2.000 2.000 2.000 3.000 2.000 1.000 1.000 2.000 2.000 1.000 1.000 1.000 4.000 3.000 2.000 1.000 1.000 3.000 2.000 1.000 1.000 3.000 1.000 1.000 3.000 3.000 4.000 1.000 1.000 3.000 1.000 2.000 1.000 2.000 1.000 1.000 3.000 2.000 2.000 2.000 1.000 1.000 2.000 2.000 1.000 2.000 1.000 1.000 2.000 1.000 1.000 1.000 4.000 4.000 1.000 1.000 2.000 3.000
0.326 2.000 4.000 1.000 1.000 1.000 1.000 1.000 2.000 2.000 3.000 3.000 1.000 1.000 1.000 4.000 2.000 2.000 1.000 3.000 2.000 1.000 2.000 2.000 2.000 1.000 1.000 1.000 4.000 2.000 4.000 1.000 1.000 1.000 2.000 1.000 1.000 3.000 1.000 1.000 3.000 3.000 4.000 1.000 1.000 1.000 1.000 2.000 1.000 2.000 1.000 1.000 3.000 2.000 3.000 4.000 2.000 1.000 2.000 2.000 1.000 2.000 1.000 3.000 2.000 1.000 1.000 1.000 4.000 4.000 1.000 1.000 2.000 2.000
0.318 3.000 4.000 2.000 3.000 1.000 2.000 1.000 2.000 2.000 4.000 3.000 1.000 2.000 1.000 1.000 2.000 2.000 2.000 1.000 1.000 2.000 3.000 2.000 2.000 3.000 1.000 1.000 3.000 3.000 2.000 3.000 1.000 3.000 2.000 3.000 3.000 3.000 2.000 3.000 3.000 3.000 2.000 3.000 1.000 2.000 2.000 3.000 1.000 3.000 2.000 3.000 2.000 1.000 2.000 2.000 4.000 3.000 2.000 2.000 2.000 2.000 3.000 3.000 1.000 3.000 2.000 4.000 4.000 4.000 5.000 3.000 3.000 3.000
0.281 4.000 1.000 1.000 1.000 2.000 1.000 2.000 2.000 1.000 3.000 2.000 1.000 3.000 2.000 4.000 3.000 1.000 1.000 3.000 3.000 1.000 3.000 2.000 1.000 1.000 3.000 3.000 2.000 2.000 1.000 4.000 3.000 4.000 3.000 1.000 1.000 1.000 2.000 1.000 2.000 1.000 4.000 1.000 1.000 1.000 4.000 2.000 3.000 3.000 1.000 1.000 3.000 2.000 4.000 1.000 2.000 1.000 4.000 1.000 2.000 1.000 2.000 1.000 1.000 1.000 1.000 1.000 1.000 3.000 1.000 1.000 1.000 3.000
0.297 2.000 3.000 4.000 1.000 1.000 1.000 1.000 2.000 1.000 2.000 3.000 1.000 1.000 1.000 4.000 2.000 2.000 1.000 3.000 2.000 1.000 2.000 1.000 2.000 2.000 1.000 2.000 4.000 2.000 4.000 1.000 1.000 1.000 2.000 1.000 1.000 3.000 1.000 1.000 3.000 1.000 4.000 1.000 1.000 1.000 1.000 2.000 1.000 3.000 1.000 1.000 3.000 2.000 3.000 4.000 1.000 1.000 4.000 2.000 1.000 2.000 1.000 2.000 2.000 1.000 1.000 1.000 3.000 4.000 1.000 1.000 1.000 2.000
0.282 4.000 3.000 1.000 1.000 2.000 1.000 2.000 3.000 1.000 3.000 4.000 1.000 2.000 2.000 4.000 3.000 1.000 1.000 3.000 3.000 1.000 2.000 2.000 1.000 1.000 3.000 3.000 2.000 2.000 1.000 4.000 3.000 4.000 3.000 2.000 2.000 1.000 2.000 3.000 2.000 1.000 4.000 1.000 1.000 1.000 4.000 2.000 3.000 3.000 1.000 1.000 2.000 2.000 3.000 1.000 2.000 1.000 4.000 1.000 2.000 1.000 2.000 1.000 4.000 2.000 3.000 1.000 1.000 3.000 1.000 2.000 1.000 2.000
0.341 3.000 4.000 1.000 3.000 1.000 2.000 1.000 2.000 2.000 2.000 3.000 1.000 2.000 1.000 4.000 3.000 2.000 2.000 3.000 3.000 1.000 1.000 2.000 2.000 1.000 1.000 4.000 4.000 3.000 4.000 3.000 1.000 1.000 2.000 1.000 1.000 1.000 1.000 1.000 3.000 1.000 3.000 1.000 1.000 3.000 1.000 2.000 1.000 2.000 1.000 1.000 3.000 2.000 2.000 2.000 2.000 3.000 2.000 2.000 1.000 2.000 1.000 1.000 2.000 1.000 1.000 1.000 4.000 4.000 1.000 1.000 3.000 3.000
0.329 3.000 4.000 1.000 3.000 1.000 2.000 1.000 1.000 2.000 2.000 4.000 1.000 2.000 1.000 1.000 3.000 2.000 2.000 2.000 1.000 1.000 1.000 2.000 2.000 1.000 3.000 1.000 4.000 3.000 2.000 1.000 1.000 1.000 2.000 1.000 1.000 1.000 1.000 1.000 1.000 1.000 3.000 1.000 1.000 2.000 2.000 2.000 1.000 2.000 1.000 3.000 3.000 2.000 2.000 2.000 2.000 3.000 4.000 2.000 1.000 3.000 1.000 1.000 1.000 1.000 1.000 1.000 4.000 4.000 5.000 3.000 3.000 3.000
0.289 2.000 3.000 4.000 1.000 1.000 1.000 1.000 2.000 1.000 2.000 2.000 1.000 1.000 2.000 4.000 2.000 1.000 1.000 3.000 2.000 1.000 2.000 3.000 1.000 2.000 1.000 2.000 4.000 2.000 4.000 1.000 3.000 1.000 2.000 1.000 1.000 3.000 1.000 1.000 2.000 1.000 4.000 1.000 1.000 1.000 1.000 2.000 1.000 3.000 1.000 1.000 3.000 2.000 4.000 2.000 2.000 1.000 4.000 2.000 1.000 2.000 1.000 2.000 2.000 1.000 1.000 1.000 3.000 4.000 1.000 1.000 1.000 2.000
0.309 2.000 4.000 1.000 1.000 1.000 1.000 1.000 2.000 2.000 2.000 3.000 1.000 1.000 2.000 4.000 2.000 1.000 1.000 3.000 2.000 1.000 2.000 2.000 2.000 1.000 1.000 2.000 4.000 2.000 4.000 1.000 1.000 1.000 2.000 1.000 1.000 3.000 1.000 1.000 3.000 3.000 4.000 1.000 1.000 1.000 1.000 2.000 1.000 2.000 1.000 1.000 3.000 2.000 3.000 4.000 1.000 1.000 2.000 2.000 1.000 2.000 1.000 3.000 2.000 1.000 1.000 1.000 3.000 4.000 1.000 1.000 1.000 2.000
0.319 4.000 4.000 2.000 3.000 3.000 2.000 3.000 3.000 3.000 1.000 3.000 3.000 3.000 4.000 3.000 4.000 3.000 3.000 1.000 3.000 2.000 3.000 3.000 3.000 3.000 2.000 1.000 1.000 2.000 4.000 3.000 2.000 2.000 2.000 2.000 2.000 1.000 2.000 2.000 2.000 4.000 1.000 3.000 1.000 3.000 2.000 1.000 1.000 1.000 3.000 2.000 2.000 1.000 1.000 3.000 2.000 3.000 3.000 3.000 3.000 3.000 2.000 3.000 3.000 2.000 3.000 3.000 4.000 3.000 5.000 3.000 2.000 3.000
0.345 4.000 2.000 1.000 1.000 2.000 2.000 3.000 3.000 3.000 2.000 4.000 3.000 3.000 3.000 2.000 4.000 4.000 3.000 3.000 4.000 4.000 1.000 3.000 3.000 2.000 2.000 5.000 1.000 4.000 3.000 4.000 3.000 2.000 3.000 4.000 2.000 3.000 3.000 1.000 1.000 4.000 3.000 2.000 2.000 3.000 3.000 2.000 3.000 1.000 3.000 1.000 3.000 3.000 1.000 3.000 3.000 2.000 3.000 3.000 3.000 3.000 2.000 2.000 4.000 3.000 3.000 3.000 1.000 3.000 2.000 2.000 4.000 1.000
0.342 1.000 2.000 4.000 2.000 2.000 3.000 3.000 4.000 3.000 4.000 2.000 3.000 3.000 3.000 2.000 4.000 4.000 3.000 1.000 4.000 4.000 2.000 3.000 3.000 2.000 2.000 5.000 4.000 4.000 3.000 4.000 2.000 2.000 3.000 4.000 2.000 2.000 3.000 2.000 1.000 4.000 1.000 2.000 2.000 3.000 3.000 3.000 2.000 1.000 3.000 2.000 1.000 3.000 1.000 4.000 3.000 2.000 3.000 3.000 3.000 3.000 2.000 1.000 4.000 4.000 3.000 3.000 1.000 3.000 2.000 2.000 2.000 1.000
0.285 4.000 3.000 1.000 1.000 2.000 1.000 2.000 2.000 1.000 3.000 2.000 1.000 2.000 2.000 4.000 3.000 1.000 1.000 2.000 2.000 1.000 2.000 3.000 1.000 1.000 3.000 3.000 2.000 2.000 1.000 4.000 3.000 4.000 3.000 1.000 1.000 1.000 2.000 3.000 2.000 1.000 4.000 1.000 1.000 1.000 4.000 1.000 3.000 3.000 1.000 1.000 1.000 2.000 4.000 1.000 2.000 3.000 4.000 1.000 3.000 1.000 2.000 3.000 1.000 2.000 3.000 1.000 1.000 4.000 4.000 2.000 1.000 3.000
0.326 1.000 2.000 4.000 3.000 2.000 3.000 3.000 4.000 2.000 4.000 4.000 3.000 1.000 1.000 1.000 1.000 4.000 3.000 1.000 3.000 2.000 1.000 1.000 3.000 1.000 2.000 5.000 4.000 4.000 3.000 5.000 2.000 1.000 2.000 3.000 2.000 1.000 1.000 2.000 1.000 2.000 3.000 3.000 2.000 3.000 4.000 1.000 2.000 2.000 2.000 2.000 1.000 1.000 1.000 3.000 3.000 2.000 3.000 2.000 3.000 3.000 1.000 1.000 2.000 3.000 1.000 3.000 4.000 2.000 5.000 3.000 2.000 1.000
0.340 1.000 2.000 4.000 2.000 2.000 3.000 3.000 3.000 3.000 1.000 4.000 3.000 3.000 3.000 2.000 4.000 4.000 3.000 2.000 4.000 4.000 2.000 3.000 3.000 2.000 2.000 5.000 1.000 3.000 3.000 5.000 2.000 3.000 3.000 4.000 2.000 3.000 1.000 2.000 1.000 4.000 1.000 2.000 2.000 3.000 3.000 1.000 2.000 1.000 3.000 1.000 1.000 3.000 1.000 4.000 3.000 1.000 3.000 3.000 1.000 3.000 2.000 1.000 4.000 4.000 3.000 3.000 4.000 3.000 2.000 2.000 4.000 1.000
0.351 1.000 3.000 3.000 1.000 2.000 2.000 3.000 3.000 3.000 1.000 4.000 3.000 3.000 3.000 2.000 4.000 4.000 3.000 4.000 4.000 4.000 3.000 3.000 3.000 3.000 2.000 5.000 2.000 4.000 3.000 4.000 2.000 2.000 3.000 4.000 2.000 2.000 3.000 3.000 2.000 4.000 1.000 2.000 2.000 3.000 3.000 1.000 3.000 1.000 3.000 2.000 1.000 3.000 2.000 3.000 3.000 2.000 3.000 3.000 3.000 3.000 2.000 2.000 4.000 4.000 3.000 1.000 1.000 3.000 2.000 2.000 4.000 1.000
0.305 3.000 2.000 1.000 3.000 2.000 3.000 2.000 1.000 3.000 3.000 4.000 1.000 3.000 2.000 1.000 2.000 2.000 1.000 2.000 1.000 1.000 2.000 2.000 1.000 1.000 3.000 3.000 2.000 3.000 2.000 2.000 3.000 1.000 3.000 2.000 3.000 2.000 3.000 3.000 2.000 3.000 2.000 3.000 3.000 1.000 3.000 3.000 1.000 2.000 2.000 3.000 2.000 2.000 2.000 2.000 2.000 2.000 4.000 1.000 2.000 1.000 2.000 2.000 1.000 4.000 3.000 2.000 4.000 4.000 5.000 1.000 4.000 3.000
0.293 3.000 2.000 1.000 3.000 3.000 2.000 2.000 1.000 3.000 3.000 4.000 1.000 2.000 2.000 4.000 3.000 2.000 1.000 2.000 1.000 2.000 1.000 3.000 1.000 1.000 3.000 4.000 2.000 4.000 1.000 2.000 3.000 1.000 3.000 2.000 3.000 2.000 2.000 3.000 2.000 4.000 2.000 3.000 3.000 1.000 3.000 3.000 1.000 1.000 2.000 3.000 2.000 1.000 2.000 2.000 2.000 2.000 4.000 1.000 2.000 1.000 3.000 2.000 1.000 4.000 2.000 2.000 4.000 4.000 5.000 2.000 4.000 3.000
0.322 1.000 2.000 4.000 3.000 2.000 1.000 3.000 2.000 2.000 4.000 4.000 3.000 1.000 1.000 1.000 1.000 4.000 3.000 1.000 3.000 3.000 1.000 1.000 3.000 1.000 2.000 4.000 4.000 3.000 3.000 1.000 2.000 1.000 2.000 3.000 2.000 1.000 1.000 2.000 1.000 2.000 3.000 3.000 2.000 3.000 4.000 1.000 2.000 2.000 2.000 2.000 1.000 1.000 1.000 3.000 3.000 1.000 3.000 2.000 3.000 3.000 1.000 3.000 2.000 3.000 1.000 3.000 4.000 2.000 5.000 3.000 2.000 2.000
0.332 1.000 2.000 4.000 2.000 2.000 3.000 3.000 4.000 3.000 4.000 2.000 3.000 3.000 3.000 2.000 1.000 4.000 3.000 1.000 4.000 4.000 2.000 3.000 3.000 2.000 2.000 5.000 4.000 4.000 3.000 4.000 2.000 2.000 3.000 3.000 1.000 2.000 3.000 2.000 1.000 2.000 1.000 2.000 2.000 3.000 3.000 1.000 2.000 3.000 3.000 2.000 1.000 3.000 1.000 4.000 3.000 2.000 3.000 3.000 3.000 3.000 2.000 1.000 4.000 2.000 3.000 3.000 4.000 3.000 2.000 2.000 2.000 1.000
0.346 1.000 2.000 4.000 2.000 2.000 3.000 3.000 4.000 3.000 4.000 4.000 3.000 3.000 3.000 2.000 1.000 4.000 3.000 4.000 4.000 4.000 1.000 3.000 3.000 1.000 2.000 5.000 4.000 3.000 3.000 4.000 2.000 2.000 2.000 4.000 2.000 3.000 3.000 2.000 1.000 4.000 1.000 3.000 2.000 3.000 3.000 1.000 2.000 2.000 3.000 2.000 1.000 3.000 1.000 4.000 3.000 3.000 3.000 3.000 3.000 3.000 2.000 1.000 4.000 3.000 1.000 3.000 1.000 3.000 2.000 3.000 4.000 1.000
0.331 1.000 2.000 4.000 1.000 2.000 2.000 3.000 3.000 3.000 2.000 4.000 3.000 3.000 3.000 2.000 4.000 4.000 3.000 2.000 4.000 4.000 1.000 3.000 3.000 2.000 2.000 5.000 1.000 4.000 3.000 2.000 3.000 2.000 3.000 4.000 2.000 2.000 3.000 2.000 1.000 4.000 3.000 2.000 2.000 1.000 3.000 1.000 3.000 3.000 3.000 1.000 3.000 3.000 1.000 3.000 2.000 2.000 3.000 3.000 3.000 3.000 1.000 1.000 4.000 3.000 3.000 3.000 1.000 3.000 3.000 2.000 4.000 1.000
0.357 1.000 3.000 1.000 2.000 2.000 3.000 3.000 3.000 3.000 1.000 4.000 3.000 2.000 3.000 2.000 4.000 4.000 3.000 4.000 4.000 4.000 1.000 1.000 3.000 3.000 2.000 5.000 1.000 4.000 3.000 4.000 2.000 2.000 3.000 4.000 2.000 2.000 3.000 3.000 2.000 4.000 1.000 2.000 2.000 3.000 3.000 1.000 3.000 3.000 3.000 2.000 1.000 3.000 1.000 4.000 3.000 2.000 3.000 3.000 3.000 1.000 2.000 2.000 4.000 4.000 3.000 1.000 1.000 3.000 2.000 1.000 4.000 1.000
0.305 4.000 2.000 1.000 3.000 2.000 1.000 3.000 2.000 1.000 2.000 2.000 3.000 3.000 2.000 4.000 3.000 1.000 1.000 4.000 2.000 4.000 3.000 1.000 1.000 3.000 3.000 5.000 2.000 2.000 4.000 4.000 2.000 2.000 3.000 1.000 1.000 1.000 3.000 3.000 2.000 1.000 4.000 1.000 2.000 1.000 4.000 1.000 3.000 3.000 1.000 1.000 1.000 3.000 1.000 2.000 2.000 2.000 4.000 1.000 3.000 3.000 2.000 2.000 4.000 2.000 3.000 1.000 1.000 3.000 4.000 1.000 2.000 2.000
0.309 3.000 1.000 1.000 3.000 2.000 3.000 2.000 1.000 3.000 3.000 4.000 1.000 3.000 2.000 1.000 4.000 2.000 1.000 2.000 3.000 2.000 3.000 3.000 1.000 1.000 3.000 4.000 2.000 4.000 2.000 4.000 3.000 4.000 3.000 2.000 3.000 2.000 2.000 3.000 2.000 4.000 2.000 2.000 3.000 1.000 4.000 3.000 3.000 3.000 2.000 3.000 2.000 1.000 2.000 2.000 4.000 2.000 3.000 1.000 3.000 1.000 2.000 3.000 1.000 4.000 3.000 2.000 1.000 4.000 5.000 3.000 3.000 3.000
0.286 3.000 4.000 1.000 3.000 3.000 2.000 2.000 1.000 3.000 3.000 4.000 1.000 2.000 2.000 1.000 3.000 2.000 1.000 1.000 1.000 2.000 3.000 2.000 1.000 1.000 3.000 4.000 2.000 3.000 2.000 3.000 3.000 4.000 2.000 2.000 3.000 2.000 2.000 3.000 2.000 4.000 2.000 3.000 3.000 1.000 4.000 3.000 3.000 3.000 2.000 3.000 2.000 1.000 4.000 2.000 4.000 3.000 1.000 2.000 2.000 1.000 3.000 2.000 1.000 3.000 2.000 4.000 2.000 4.000 5.000 3.000 3.000 3.000
0.337 1.000 3.000 4.000 2.000 2.000 3.000 3.000 2.000 2.000 4.000 4.000 3.000 1.000 1.000 4.000 1.000 4.000 3.000 1.000 2.000 4.000 1.000 1.000 3.000 2.000 2.000 5.000 4.000 1.000 3.000 1.000 2.000 1.000 2.000 3.000 2.000 1.000 1.000 1.000 1.000 2.000 3.000 3.000 2.000 3.000 4.000 1.000 3.000 2.000 3.000 2.000 1.000 1.000 1.000 4.000 3.000 1.000 3.000 2.000 1.000 3.000 2.000 3.000 2.000 3.000 1.000 3.000 1.000 3.000 2.000 3.000 2.000 1.000
0.293 3.000 1.000 1.000 3.000 1.000 2.000 2.000 1.000 2.000 3.000 4.000 1.000 2.000 2.000 1.000 2.000 2.000 2.000 1.000 3.000 2.000 1.000 2.000 1.000 1.000 3.000 4.000 2.000 1.000 2.000 3.000 3.000 4.000 2.000 2.000 3.000 2.000 2.000 3.000 3.000 3.000 2.000 3.000 3.000 1.000 4.000 3.000 3.000 3.000 2.000 3.000 2.000 1.000 4.000 2.000 4.000 2.000 3.000 2.000 2.000 1.000 3.000 3.000 1.000 3.000 2.000 3.000 2.000 4.000 4.000 3.000 3.000 3.000
0.334 1.000 3.000 1.000 1.000 2.000 3.000 3.000 3.000 2.000 1.000 4.000 3.000 3.000 1.000 4.000 2.000 2.000 3.000 2.000 4.000 2.000 1.000 2.000 3.000 3.000 2.000 4.000 2.000 3.000 3.000 2.000 1.000 3.000 3.000 4.000 3.000 2.000 1.000 3.000 1.000 3.000 3.000 2.000 2.000 3.000 4.000 2.000 3.000 1.000 3.000 3.000 1.000 3.000 2.000 4.000 2.000 2.000 3.000 3.000 3.000 3.000 1.000 2.000 1.000 1.000 2.000 1.000 3.000 1.000 5.000 3.000 1.000 1.000
0.328 3.000 4.000 2.000 3.000 1.000 2.000 1.000 2.000 2.000 4.000 3.000 1.000 2.000 1.000 1.000 2.000 2.000 2.000 1.000 1.000 2.000 3.000 2.000 2.000 1.000 1.000 1.000 3.000 3.000 2.000 3.000 1.000 3.000 2.000 3.000 3.000 2.000 2.000 3.000 3.000 3.000 2.000 3.000 1.000 2.000 4.000 3.000 1.000 2.000 2.000 3.000 2.000 1.000 2.000 2.000 2.000 3.000 3.000 2.000 2.000 1.000 3.000 3.000 1.000 3.000 2.000 3.000 4.000 4.000 5.000 3.000 3.000 2.000
0.353 1.000 3.000 4.000 2.000 2.000 3.000 3.000 3.000 3.000 1.000 2.000 3.000 3.000 3.000 2.000 4.000 4.000 3.000 3.000 4.000 4.000 2.000 3.000 3.000 2.000 2.000 5.000 1.000 4.000 3.000 4.000 2.000 2.000 3.000 4.000 2.000 2.000 3.000 2.000 1.000 4.000 1.000 2.000 2.000 3.000 3.000 1.000 3.000 1.000 3.000 2.000 1.000 3.000 1.000 4.000 3.000 2.000 3.000 3.000 3.000 3.000 2.000 2.000 4.000 4.000 3.000 3.000 1.000 3.000 2.000 2.000 2.000 1.000
0.341 3.000 4.000 1.000 3.000 1.000 1.000 1.000 3.000 2.000 4.000 3.000 1.000 1.000 1.000 4.000 2.000 2.000 2.000 3.000 2.000 1.000 2.000 2.000 2.000 1.000 1.000 1.000 3.000 3.000 2.000 1.000 1.000 1.000 2.000 1.000 1.000 3.000 1.000 1.000 3.000 3.000 4.000 1.000 1.000 1.000 1.000 2.000 1.000 2.000 1.000 1.000 3.000 2.000 2.000 2.000 2.000 1.000 2.000 2.000 1.000 2.000 3.000 3.000 2.000 1.000 1.000 1.000 4.000 4.000 1.000 1.000 2.000 3.000
0.361 1.000 3.000 1.000 2.000 2.000 3.000 3.000 3.000 3.000 1.000 4.000 3.000 3.000 3.000 3.000 4.000 4.000 3.000 4.000 4.000 4.000 1.000 3.000 3.000 3.000 2.000 5.000 1.000 4.000 3.000 4.000 2.000 2.000 3.000 4.000 2.000 2.000 3.000 2.000 1.000 4.000 1.000 2.000 2.000 3.000 3.000 1.000 3.000 1.000 3.000 2.000 1.000 3.000 1.000 4.000 3.000 2.000 3.000 3.000 3.000 3.000 2.000 2.000 4.000 4.000 3.000 3.000 1.000 3.000 5.000 2.000 4.000 1.000
0.321 3.000 4.000 2.000 3.000 1.000 2.000 1.000 2.000 2.000 4.000 3.000 1.000 2.000 1.000 1.000 2.000 2.000 2.000 1.000 1.000 2.000 3.000 2.000 2.000 1.000 1.000 1.000 3.000 3.000 2.000 3.000 1.000 3.000 2.000 3.000 3.000 3.000 2.000 3.000 3.000 3.000 2.000 3.000 1.000 2.000 2.000 3.000 1.000 2.000 2.000 3.000 2.000 1.000 2.000 2.000 4.000 3.000 2.000 2.000 2.000 2.000 3.000 3.000 1.000 3.000 2.000 4.000 4.000 4.000 5.000 3.000 3.000 3.000
0.323 4.000 2.000 1.000 3.000 2.000 3.000 3.000 2.000 3.000 1.000 2.000 3.000 3.000 2.000 3.000 3.000 1.000 3.000 4.000 2.000 4.000 3.000 1.000 3.000 3.000 2.000 5.000 2.000 2.000 1.000 4.000 2.000 2.000 3.000 1.000 2.000 1.000 3.000 3.000 1.000 1.000 1.000 2.000 2.000 3.000 1.000 1.000 3.000 3.000 3.000 1.000 1.000 3.000 1.000 4.000 3.000 2.000 4.000 1.000 3.000 3.000 2.000 2.000 4.000 2.000 3.000 3.000 1.000 3.000 4.000 1.000 2.000 1.000
0.315 3.000 4.000 2.000 3.000 3.000 2.000 1.000 2.000 1.000 1.000 3.000 1.000 2.000 1.000 1.000 4.000 2.000 2.000 1.000 1.000 2.000 3.000 1.000 2.000 1.000 1.000 1.000 3.000 3.000 2.000 3.000 1.000 1.000 2.000 5.000 3.000 1.000 2.000 3.000 2.000 1.000 1.000 3.000 1.000 1.000 2.000 3.000 1.000 2.000 2.000 3.000 2.000 1.000 2.000 2.000 2.000 3.000 3.000 1.000 2.000 1.000 3.000 1.000 1.000 2.000 2.000 3.000 4.000 4.000 5.000 2.000 3.000 3.000
0.310 4.000 4.000 2.000 3.000 3.000 2.000 2.000 2.000 2.000 1.000 3.000 1.000 2.000 4.000 4.000 3.000 2.000 2.000 1.000 3.000 1.000 3.000 2.000 2.000 1.000 1.000 3.000 2.000 3.000 2.000 3.000 1.000 1.000 2.000 1.000 1.000 1.000 2.000 3.000 1.000 1.000 4.000 1.000 1.000 1.000 2.000 2.000 1.000 2.000 2.000 3.000 2.000 1.000 1.000 2.000 2.000 3.000 4.000 1.000 2.000 2.000 3.000 3.000 1.000 1.000 2.000 1.000 4.000 4.000 1.000 3.000 1.000 3.000
0.304 3.000 1.000 4.000 2.000 1.000 1.000 1.000 2.000 2.000 2.000 3.000 2.000 1.000 2.000 4.000 3.000 2.000 1.000 1.000 1.000 1.000 3.000 1.000 2.000 1.000 1.000 3.000 4.000 2.000 2.000 3.000 1.000 3.000 2.000 3.000 1.000 3.000 1.000 3.000 3.000 3.000 2.000 1.000 3.000 3.000 2.000 2.000 1.000 2.000 2.000 1.000 1.000 2.000 3.000 2.000 1.000 3.000 2.000 3.000 1.000 2.000 3.000 2.000 2.000 1.000 1.000 1.000 4.000 4.000 2.000 1.000 2.000 2.000
0.341 3.000 4.000 4.000 3.000 1.000 1.000 1.000 2.000 2.000 4.000 3.000 1.000 1.000 1.000 1.000 2.000 2.000 2.000 3.000 2.000 2.000 1.000 2.000 2.000 1.000 1.000 1.000 4.000 3.000 2.000 3.000 1.000 1.000 2.000 3.000 1.000 1.000 1.000 1.000 3.000 3.000 4.000 3.000 1.000 2.000 1.000 2.000 1.000 2.000 2.000 3.000 3.000 2.000 2.000 2.000 1.000 1.000 2.000 2.000 1.000 2.000 3.000 1.000 2.000 3.000 1.000 4.000 4.000 4.000 1.000 3.000 2.000 3.000
0.320 3.000 4.000 2.000 3.000 1.000 2.000 1.000 2.000 2.000 3.000 4.000 1.000 2.000 1.000 1.000 2.000 2.000 2.000 1.000 2.000 2.000 2.000 2.000 2.000 1.000 3.000 1.000 4.000 3.000 2.000 3.000 3.000 1.000 2.000 2.000 3.000 2.000 2.000 3.000 3.000 3.000 2.000 3.000 1.000 2.000 4.000 3.000 1.000 2.000 2.000 3.000 2.000 1.000 2.000 2.000 4.000 3.000 2.000 2.000 2.000 2.000 3.000 3.000 1.000 3.000 2.000 4.000 4.000 4.000 4.000 3.000 3.000 3.000
0.316 3.000 1.000 2.000 3.000 2.000 2.000 1.000 2.000 2.000 4.000 3.000 1.000 1.000 2.000 1.000 2.000 2.000 2.000 1.000 1.000 2.000 3.000 2.000 2.000 1.000 1.000 3.000 3.000 3.000 4.000 3.000 1.000 3.000 2.000 1.000 1.000 3.000 1.000 1.000 1.000 3.000 3.000 1.000 3.000 2.000 4.000 2.000 1.000 2.000 2.000 3.000 3.000 1.000 2.000 2.000 1.000 1.000 2.000 2.000 1.000 2.000 1.000 2.000 2.000 3.000 1.000 1.000 3.000 4.000 3.000 3.000 3.000 2.000
0.334 3.000 4.000 1.000 3.000 1.000 1.000 1.000 2.000 2.000 3.000 3.000 1.000 1.000 1.000 4.000 2.000 2.000 1.000 3.000 2.000 2.000 1.000 2.000 2.000 1.000 1.000 4.000 4.000 2.000 4.000 1.000 1.000 1.000 2.000 1.000 1.000 3.000 1.000 1.000 3.000 1.000 4.000 1.000 1.000 2.000 1.000 2.000 1.000 2.000 1.000 1.000 3.000 2.000 3.000 2.000 1.000 1.000 2.000 2.000 1.000 2.000 1.000 3.000 2.000 3.000 1.000 4.000 4.000 4.000 1.000 1.000 2.000 3.000
0.331 3.000 4.000 1.000 3.000 1.000 1.000 1.000 2.000 2.000 3.000 3.000 1.000 1.000 1.000 4.000 2.000 2.000 1.000 3.000 2.000 2.000 2.000 2.000 2.000 1.000 1.000 1.000 4.000 3.000 4.000 1.000 1.000 1.000 2.000 1.000 1.000 3.000 1.000 1.000 3.000 3.000 3.000 1.000 1.000 2.000 1.000 2.000 1.000 2.000 1.000 1.000 3.000 2.000 3.000 2.000 1.000 1.000 2.000 2.000 1.000 2.000 1.000 3.000 2.000 3.000 1.000 4.000 3.000 4.000 1.000 1.000 2.000 3.000
0.338 3.000 3.000 1.000 3.000 1.000 1.000 1.000 2.000 2.000 4.000 3.000 1.000 2.000 1.000 4.000 2.000 2.000 1.000 3.000 2.000 2.000 3.000 2.000 2.000 1.000 1.000 4.000 4.000 3.000 4.000 1.000 1.000 1.000 2.000 1.000 3.000 3.000 1.000 1.000 3.000 3.000 3.000 1.000 1.000 2.000 4.000 2.000 1.000 2.000 1.000 3.000 3.000 2.000 3.000 2.000 3.000 1.000 2.000 2.000 1.000 2.000 1.000 3.000 2.000 3.000 1.000 1.000 3.000 4.000 1.000 3.000 2.000 3.000
0.316 3.000 4.000 2.000 3.000 3.000 2.000 1.000 2.000 4.000 1.000 3.000 1.000 2.000 1.000 1.000 4.000 2.000 2.000 1.000 1.000 2.000 3.000 1.000 2.000 3.000 1.000 1.000 3.000 3.000 2.000 3.000 2.000 3.000 2.000 5.000 2.000 1.000 2.000 3.000 2.000 4.000 2.000 3.000 1.000 3.000 2.000 3.000 1.000 2.000 2.000 3.000 2.000 1.000 2.000 2.000 4.000 3.000 3.000 3.000 2.000 1.000 3.000 1.000 1.000 2.000 2.000 3.000 4.000 4.000 5.000 2.000 3.000 3.000
0.334 3.000 4.000 4.000 3.000 1.000 1.000 1.000 2.000 2.000 4.000 3.000 1.000 1.000 1.000 4.000 2.000 2.000 2.000 3.000 1.000 1.000 1.000 2.000 2.000 1.000 1.000 2.000 3.000 3.000 4.000 3.000 1.000 1.000 2.000 3.000 1.000 3.000 1.000 1.000 3.000 3.000 4.000 1.000 1.000 2.000 1.000 2.000 1.000 3.000 2.000 3.000 3.000 2.000 2.000 2.000 1.000 3.000 2.000 2.000 1.000 2.000 3.000 1.000 2.000 1.000 1.000 1.000 4.000 4.000 1.000 3.000 1.000 3.000
0.334 3.000 4.000 2.000 3.000 1.000 2.000 1.000 2.000 2.000 4.000 3.000 1.000 2.000 1.000 1.000 2.000 2.000 2.000 3.000 1.000 2.000 1.000 2.000 2.000 1.000 1.000 4.000 4.000 3.000 2.000 3.000 1.000 1.000 2.000 3.000 3.000 1.000 1.000 1.000 3.000 3.000 3.000 3.000 1.000 2.000 4.000 3.000 1.000 2.000 2.000 3.000 3.000 2.000 2.000 2.000 1.000 1.000 2.000 2.000 1.000 2.000 3.000 2.000 1.000 3.000 1.000 4.000 4.000 4.000 1.000 3.000 3.000 3.000
0.321 4.000 1.000 1.000 1.000 1.000 2.000 1.000 2.000 2.000 4.000 3.000 1.000 2.000 2.000 4.000 2.000 2.000 2.000 1.000 3.000 2.000 1.000 2.000 2.000 3.000 1.000 3.000 3.000 4.000 4.000 3.000 1.000 1.000 2.000 3.000 1.000 3.000 1.000 3.000 1.000 3.000 2.000 1.000 1.000 2.000 2.000 2.000 1.000 2.000 1.000 1.000 2.000 1.000 2.000 4.000 2.000 3.000 2.000 2.000 1.000 2.000 3.000 2.000 4.000 1.000 1.000 1.000 3.000 4.000 3.000 3.000 3.000 3.000
0.335 3.000 4.000 4.000 3.000 1.000 1.000 1.000 2.000 2.000 2.000 3.000 1.000 1.000 1.000 4.000 2.000 2.000 2.000 3.000 2.000 2.000 3.000 2.000 2.000 3.000 1.000 1.000 4.000 2.000 4.000 1.000 1.000 1.000 2.000 1.000 1.000 3.000 1.000 1.000 3.000 3.000 3.000 1.000 1.000 2.000 4.000 3.000 1.000 3.000 1.000 3.000 1.000 2.000 3.000 2.000 1.000 1.000 2.000 2.000 1.000 2.000 1.000 3.000 2.000 1.000 1.000 1.000 4.000 4.000 1.000 3.000 2.000 3.000
0.301 3.000 2.000 1.000 3.000 1.000 1.000 3.000 2.000 2.000 4.000 1.000 1.000 1.000 1.000 1.000 2.000 1.000 1.000 1.000 2.000 1.000 1.000 2.000 2.000 1.000 3.000 4.000 4.000 3.000 2.000 1.000 1.000 1.000 1.000 2.000 1.000 1.000 2.000 1.000 3.000 1.000 3.000 3.000 3.000 1.000 4.000 3.000 1.000 2.000 1.000 3.000 2.000 2.000 4.000 2.000 2.000 1.000 4.000 2.000 2.000 3.000 1.000 3.000 1.000 4.000 1.000 3.000 3.000 4.000 4.000 3.000 2.000 2.000
0.317 1.000 3.000 2.000 2.000 3.000 3.000 3.000 3.000 4.000 1.000 3.000 2.000 3.000 4.000 2.000 4.000 4.000 3.000 2.000 3.000 4.000 1.000 3.000 3.000 3.000 2.000 1.000 1.000 3.000 3.000 5.000 2.000 3.000 3.000 4.000 1.000 2.000 2.000 2.000 1.000 4.000 2.000 3.000 2.000 3.000 3.000 3.000 3.000 1.000 3.000 2.000 1.000 1.000 1.000 4.000 4.000 2.000 3.000 2.000 3.000 1.000 2.000 2.000 3.000 4.000 2.000 4.000 4.000 3.000 5.000 2.000 4.000 1.000
0.313 4.000 4.000 2.000 3.000 3.000 2.000 1.000 2.000 3.000 1.000 3.000 2.000 3.000 4.000 3.000 4.000 3.000 2.000 1.000 3.000 2.000 1.000 3.000 3.000 3.000 2.000 1.000 1.000 3.000 1.000 3.000 2.000 2.000 2.000 4.000 2.000 1.000 3.000 3.000 2.000 4.000 2.000 3.000 1.000 3.000 2.000 3.000 2.000 3.000 2.000 2.000 2.000 1.000 2.000 3.000 4.000 2.000 3.000 3.000 3.000 3.000 2.000 3.000 3.000 2.000 3.000 3.000 4.000 3.000 5.000 2.000 2.000 3.000
0.345 1.000 3.000 4.000 2.000 2.000 3.000 3.000 3.000 3.000 1.000 2.000 3.000 3.000 3.000 2.000 4.000 4.000 3.000 2.000 4.000 4.000 2.000 3.000 3.000 2.000 2.000 5.000 3.000 4.000 3.000 4.000 2.000 2.000 3.000 4.000 2.000 2.000 3.000 2.000 1.000 4.000 1.000 2.000 2.000 3.000 3.000 1.000 2.000 1.000 3.000 2.000 1.000 3.000 1.000 4.000 3.000 2.000 3.000 3.000 3.000 3.000 2.000 1.000 4.000 4.000 3.000 3.000 1.000 3.000 2.000 2.000 2.000 1.000
0.328 1.000 2.000 4.000 1.000 2.000 3.000 3.000 4.000 3.000 1.000 4.000 3.000 3.000 3.000 1.000 1.000 4.000 3.000 1.000 3.000 2.000 3.000 3.000 1.000 2.000 2.000 5.000 1.000 4.000 4.000 5.000 2.000 2.000 3.000 3.000 2.000 3.000 3.000 2.000 1.000 2.000 1.000 3.000 2.000 3.000 3.000 1.000 2.000 3.000 3.000 2.000 1.000 1.000 1.000 4.000 3.000 3.000 3.000 2.000 3.000 3.000 2.000 1.000 4.000 4.000 3.000 3.000 1.000 3.000 5.000 2.000 4.000 1.000
0.343 1.000 3.000 3.000 2.000 2.000 3.000 3.000 3.000 3.000 1.000 4.000 3.000 3.000 3.000 3.000 4.000 4.000 3.000 2.000 4.000 4.000 3.000 3.000 3.000 3.000 2.000 4.000 1.000 4.000 3.000 4.000 2.000 4.000 3.000 5.000 2.000 2.000 3.000 3.000 2.000 4.000 1.000 2.000 2.000 3.000 3.000 1.000 3.000 1.000 3.000 2.000 1.000 2.000 1.000 4.000 4.000 2.000 3.000 3.000 3.000 1.000 3.000 2.000 4.000 4.000 3.000 1.000 1.000 3.000 2.000 2.000 4.000 1.000
0.355 1.000 3.000 3.000 2.000 2.000 3.000 3.000 3.000 3.000 1.000 4.000 3.000 3.000 3.000 2.000 4.000 4.000 3.000 4.000 4.000 4.000 1.000 3.000 3.000 3.000 2.000 5.000 1.000 4.000 3.000 4.000 2.000 2.000 3.000 4.000 2.000 2.000 3.000 2.000 1.000 4.000 1.000 2.000 2.000 3.000 3.000 1.000 3.000 1.000 3.000 2.000 1.000 3.000 2.000 3.000 3.000 2.000 3.000 3.000 3.000 3.000 2.000 2.000 4.000 4.000 3.000 1.000 1.000 3.000 2.000 2.000 4.000 1.000
0.355 1.000 3.000 3.000 2.000 2.000 3.000 3.000 3.000 3.000 1.000 4.000 3.000 3.000 3.000 2.000 4.000 4.000 3.000 4.000 4.000 4.000 1.000 3.000 3.000 2.000 2.000 5.000 1.000 4.000 3.000 4.000 2.000 2.000 3.000 4.000 2.000 2.000 3.000 2.000 1.000 4.000 1.000 2.000 2.000 3.000 3.000 1.000 3.000 1.000 3.000 2.000 1.000 3.000 1.000 4.000 3.000 2.000 3.000 3.000 3.000 3.000 2.000 2.000 4.000 4.000 3.000 3.000 1.000 3.000 2.000 2.000 4.000 1.000
0.351 1.000 3.000 3.000 2.000 2.000 3.000 3.000 3.000 3.000 1.000 4.000 3.000 3.000 3.000 2.000 4.000 4.000 3.000 2.000 4.000 4.000 1.000 3.000 3.000 3.000 2.000 5.000 1.000 4.000 3.000 5.000 2.000 2.000 3.000 4.000 2.000 2.000 3.000 2.000 2.000 4.000 1.000 2.000 2.000 3.000 3.000 1.000 3.000 1.000 3.000 2.000 1.000 3.000 1.000 3.000 3.000 2.000 3.000 3.000 3.000 1.000 2.000 2.000 4.000 4.000 3.000 3.000 1.000 3.000 5.000 2.000 4.000 1.000
0.353 1.000 3.000 2.000 2.000 2.000 3.000 3.000 4.000 3.000 1.000 4.000 3.000 3.000 3.000 2.000 4.000 4.000 3.000 1.000 4.000 4.000 1.000 3.000 3.000 3.000 2.000 5.000 1.000 4.000 3.000 5.000 2.000 2.000 3.000 4.000 2.000 2.000 3.000 2.000 1.000 4.000 1.000 2.000 2.000 3.000 3.000 1.000 3.000 1.000 3.000 2.000 1.000 3.000 1.000 3.000 3.000 2.000 3.000 3.000 3.000 3.000 2.000 2.000 4.000 4.000 3.000 3.000 1.000 3.000 5.000 2.000 4.000 1.000
0.331 3.000 3.000 3.000 2.000 1.000 3.000 3.000 3.000 3.000 1.000 4.000 3.000 2.000 3.000 3.000 4.000 4.000 3.000 4.000 3.000 4.000 1.000 1.000 3.000 3.000 2.000 4.000 1.000 4.000 3.000 4.000 2.000 4.000 3.000 5.000 3.000 2.000 3.000 3.000 2.000 4.000 2.000 2.000 2.000 3.000 4.000 2.000 3.000 1.000 3.000 2.000 1.000 3.000 1.000 3.000 4.000 2.000 3.000 3.000 3.000 1.000 3.000 1.000 4.000 4.000 3.000 1.000 3.000 3.000 5.000 2.000 4.000 1.000
0.351 1.000 3.000 4.000 2.000 2.000 3.000 3.000 4.000 3.000 1.000 2.000 3.000 3.000 3.000 2.000 4.000 4.000 3.000 1.000 4.000 4.000 2.000 3.000 3.000 2.000 2.000 5.000 4.000 4.000 3.000 4.000 2.000 2.000 3.000 4.000 2.000 2.000 3.000 2.000 1.000 4.000 1.000 2.000 2.000 3.000 3.000 1.000 3.000 3.000 3.000 2.000 1.000 3.000 1.000 4.000 3.000 2.000 3.000 3.000 3.000 3.000 2.000 1.000 4.000 4.000 3.000 3.000 1.000 3.000 2.000 2.000 4.000 1.000
0.366 1.000 3.000 1.000 2.000 2.000 3.000 3.000 3.000 3.000 1.000 4.000 3.000 3.000 3.000 2.000 4.000 4.000 3.000 2.000 4.000 4.000 1.000 3.000 3.000 3.000 2.000 5.000 1.000 4.000 3.000 4.000 2.000 2.000 3.000 4.000 2.000 2.000 3.000 3.000 2.000 4.000 1.000 2.000 2.000 3.000 3.000 2.000 3.000 3.000 3.000 2.000 1.000 3.000 1.000 4.000 3.000 2.000 3.000 3.000 3.000 3.000 2.000 2.000 4.000 4.000 3.000 1.000 1.000 3.000 2.000 2.000 4.000 1.000
0.332 4.000 3.000 1.000 4.000 2.000 2.000 3.000 3.000 3.000 1.000 4.000 3.000 2.000 2.000 3.000 4.000 1.000 3.000 1.000 4.000 4.000 1.000 1.000 3.000 3.000 2.000 5.000 2.000 2.000 1.000 4.000 2.000 4.000 3.000 5.000 2.000 2.000 3.000 3.000 1.000 4.000 1.000 2.000 2.000 1.000 3.000 2.000 3.000 1.000 3.000 2.000 1.000 3.000 1.000 4.000 3.000 2.000 2.000 1.000 3.000 3.000 2.000 3.000 4.000 2.000 3.000 1.000 1.000 3.000 5.000 1.000 4.000 1.000
0.347 1.000 3.000 1.000 2.000 2.000 3.000 3.000 1.000 3.000 1.000 4.000 3.000 3.000 3.000 2.000 4.000 1.000 3.000 4.000 4.000 4.000 3.000 3.000 3.000 3.000 2.000 4.000 1.000 4.000 3.000 4.000 2.000 4.000 3.000 5.000 2.000 2.000 3.000 3.000 2.000 3.000 1.000 2.000 2.000 3.000 3.000 1.000 3.000 3.000 3.000 2.000 1.000 3.000 1.000 4.000 3.000 2.000 3.000 3.000 3.000 3.000 3.000 2.000 4.000 4.000 3.000 1.000 1.000 3.000 2.000 3.000 4.000 1.000
0.333 3.000 1.000 1.000 3.000 2.000 2.000 2.000 2.000 3.000 1.000 4.000 3.000 2.000 3.000 2.000 4.000 4.000 3.000 4.000 3.000 4.000 1.000 1.000 3.000 3.000 2.000 5.000 1.000 4.000 2.000 3.000 2.000 4.000 3.000 5.000 2.000 2.000 3.000 2.000 2.000 4.000 2.000 3.000 2.000 3.000 4.000 1.000 3.000 3.000 3.000 3.000 2.000 3.000 2.000 3.000 3.000 3.000 2.000 3.000 3.000 1.000 3.000 3.000 4.000 4.000 3.000 4.000 1.000 3.000 5.000 3.000 4.000 1.000
0.327 4.000 3.000 1.000 2.000 3.000 3.000 3.000 3.000 3.000 1.000 4.000 3.000 3.000 4.000 2.000 4.000 4.000 3.000 2.000 3.000 4.000 1.000 1.000 3.000 3.000 2.000 1.000 1.000 4.000 3.000 3.000 1.000 1.000 3.000 4.000 3.000 2.000 2.000 2.000 1.000 3.000 3.000 2.000 2.000 3.000 3.000 3.000 3.000 1.000 3.000 2.000 1.000 1.000 4.000 4.000 3.000 2.000 3.000 3.000 3.000 1.000 1.000 2.000 1.000 1.000 2.000 1.000 3.000 3.000 5.000 2.000 4.000 1.000
