title
0.5625844171736389
0.4091351230163127
0.839194520842284
0.6653807400725782
0.9377259686589241
0.15967063652351499
0.07147123874165118
0.41201426461338997
0.42587354336865246
0.5999884277116507
0.6769726977217942
0.960044443141669
0.6575248315930367
0.28625091165304184
0.08132907259278
0.1717487401328981
0.45257720188237727
0.9868304366245866
0.4243141640909016
0.4211763725616038
0.8676552611868829
0.7599655813537538
0.38943024072796106
0.44367730361409485
0.37899724300950766
0.17732803081162274
0.22692394675686955
0.2983329766429961
0.8547021253034472
0.1527206578757614
0.5957485043909401
0.1195923041086644
0.24773967498913407
0.5406194285023957
0.42685642605647445
0.24279757938347757
0.4875919430050999
0.12239535665139556
0.8393182454165071
0.7874216267373413
0.3152610065881163
0.11250432580709457
0.5167587334290147
0.10828909720294178
0.36507348204031587
0.17930520791560411
0.7130561552476138
0.2184491145890206
0.7563505433499813
0.00833168881945312
0.4214168987236917
0.8799448586069047
0.5035077400971204
0.24363848334178329
0.9151686995755881
0.4222535432782024
0.2608044359367341
0.3982847952283919
0.8736093987245113
0.04889305913820863
0.7119131966028363
0.5488776878919452
0.39229622995480895
0.10740228649228811
0.3741035850252956
0.047712083440274
0.11543614184483886
0.26541555440053344
0.3988837734796107
0.87951221014373
0.5189454380888492
0.6608746103011072
0.6904137646779418
0.07884559407830238
0.7141441218554974
0.9991728162858635
0.06507971021346748
0.6444906808901578
0.09099092311225832
0.6938270477112383
0.5480457541998476
0.25593706173822284
0.6708964393474162
0.09413035027682781
0.0998578944709152
0.38478992134332657
0.6268059054855257
0.31954708718694746
0.37591157644055784
0.5697513257618994
0.658496986143291
0.7862856527790427
0.9069310389459133
0.008917678846046329
0.9172376925125718
0.7734509389847517
0.33046001964248717
0.3992917372379452
0.05041998019441962
0.09301652503199875
0.8456992879509926
0.777803365373984
0.9939533513970673
0.9929429832845926
0.8947540591470897
0.5232296078465879
0.9726585461758077
0.1361295699607581
0.5771401911042631
0.7486701633315533
0.44856976717710495
0.7900489156600088
0.5277023925445974
0.5528359836898744
0.5966622489504516
0.7366218140814453
0.3874435855541378
0.6721801506355405
0.24004151299595833
0.03420144226402044
0.6009316106792539
0.6264091732446104
0.2259955918416381
0.6398146750871092
0.6746668659616262
0.15337262745015323
0.37619365262798965
0.7512403440196067
0.8878798701334745
0.65454814536497
0.6187895266339183
0.6827546295244247
0.23416363913565874
0.11747468402609229
0.9071449632756412
0.676541609922424
0.06618774402886629
0.3640765070449561
0.28517848951742053
0.7424770796205848
0.6711711732205003
0.18006530730053782
0.5530573402065784
0.6277565800119191
0.42302253656089306
0.21265243529342115
0.13249211199581623
0.8904425115324557
0.7038096997421235
0.6938296651933342
0.7166405206080526
0.012267795391380787
0.115292509784922
0.5045094804372638
0.19092394900508225
0.3897745537105948
0.6147861410863698
0.529538749717176
0.5185319511219859
0.13647117535583675
0.5047507432755083
0.5986033529043198
0.9382396657019854
0.49524514633230865
0.4219509253744036
0.6429633169900626
0.6775795274879783
0.7013935244176537
0.16694297431968153
0.9616483238060027
0.4043827389832586
0.11280244984664023
0.768480810103938
0.6964594568125904
0.32949059014208615
0.7706819886807352
0.3727782741189003
0.29510370059870183
0.5702416119165719
0.4399847569875419
0.8506680817808956
0.5610758929979056
0.24812659830786288
0.8150945845991373
0.21297744591720402
0.01780354860238731
0.8438229307066649
0.9178616388235241
0.007773441495373845
0.28655384853482246
0.40488457027822733
0.0059002728667110205
0.3061623808462173
0.9283792772330344
0.689876539632678
0.5233807943295687
0.6674637200776488
0.2666087378747761
0.009796291822567582
0.6978127253241837
0.33097657817415893
0.45729335816577077
0.04146212269552052
0.6159040573984385
0.5171801710966974
0.6749058738350868
0.5214967392385006
0.5489568775519729
0.7154875099658966
0.33870147122070193
0.9459631615318358
0.6324171132873744
0.7166028264909983
0.4451331708114594
0.8801320295315236
0.8114205822348595
0.08389910566620529
0.8108302550390363
0.13532256591133773
0.9514766889624298
0.8933359845541418
0.9260401842184365
0.4835556054022163
0.6797485465649515
0.9991273549385369
0.23027359624393284
0.04993991041556001
0.24280167277902365
0.659004685934633
0.7751660384237766
0.3475319896824658
0.9794038962572813
0.6890476436819881
0.6811649717856199
0.36632461636327207
0.8964181584306061
0.33848150819540024
0.8689942208584398
0.9474242872092873
0.18943924247287214
0.8253880692645907
0.6249880087561905
0.7019648237619549
0.33176705543883145
0.7644784706644714
0.4012096014339477
0.8344406795222312
0.8270134124904871
0.23985084937885404
0.5002908781170845
0.29318392742425203
0.21583529119379818
0.32089908653870225
0.7481635278090835
0.29925110284239054
0.5050543637480587
0.14571893285028636
0.22132267290726304
0.32207304681651294
0.9336066143587232
0.7839200920425355
0.06452181306667626
0.40597581746988
0.7531699168030173
0.5606943538878113
0.34340401482768357
0.6390894604846835
0.776511478703469
0.5522612018976361
0.2106976816430688
0.9532097056508064
0.2772833723574877
0.6695913011208177
0.7151413403917104
0.04422461800277233
0.4828302466776222
0.2315861382521689
0.5678576182108372
0.504418759373948
0.6647487476002425
0.2907452539075166
0.24251346895471215
0.4980601065326482
0.8518763270694762
0.3112157224677503
0.22450594371184707
0.8668381588067859
0.12471233983524144
0.7612900072708726
0.8450017494615167
0.5814450806938112
0.5263946445193142
0.8354676333256066
0.5693403901532292
0.35679636569693685
0.19329811027273536
0.9921233975328505
0.8182079098187387
0.5413139555603266
0.964026452973485
0.42547243274748325
0.3237257213331759
0.7022916590794921
0.3014325925614685
0.834018339170143
0.37144152307882905
0.10232355259358883
0.7547601708211005
0.08920574351213872
0.5355862304568291
0.5949847679585218
0.4691220875829458
0.3289712341502309
0.35419679852202535
0.08233229885809124
0.34809342632070184
0.9680842468515038
0.5531522107776254
0.49525284953415394
0.3159979956690222
0.5128136079292744
0.9092307963874191
0.47618189407512546
0.7941134064458311
0.991258368594572
0.5770123791880906
0.7830037053208798
0.45947222621180117
0.23229413386434317
0.2167705639731139
0.36134320707060397
0.8057251274585724
0.32291813124902546
0.2257597625721246
0.42957888334058225
0.1268117807339877
0.3318718778900802
0.5320527122821659
0.834837932838127
0.016030885744839907
0.10145062278024852
0.9753596123773605
0.7156186338979751
0.6569381726440042
0.7645933185704052
0.691602976527065
0.5664264529477805
0.7700685607269406
0.4333315787371248
0.9550855085253716
0.17779952590353787
0.9140153056941926
0.49532729969359934
0.7908541108481586
0.12171760876663029
0.5425337746273726
0.7816924974322319
0.7899967511184514
0.7939992120955139
0.8766645630821586
0.456075667636469
0.18232319317758083
0.21105429460294545
0.17909884988330305
0.0941717573441565
0.7899031608831137
0.9541606386192143
0.4938308270648122
0.8405446675606072
0.8988911164924502
0.03773101372644305
0.3339837023522705
0.47355233901180327
0.040791948325932026
0.5152660792227834
0.12719414616003633
0.23334394209086895
0.10836716624908149
0.662677658488974
0.041137566324323416
0.6198520581237972
0.7721100593917072
0.3135640986729413
0.5704296287149191
0.7464586042333394
0.5549065864179283
0.07260393421165645
0.1544477827847004
0.46868187584914267
0.229404954938218
0.22238491591997445
0.6032233648002148
0.9455871370155364
0.8272879663854837
0.22250672383233905
0.9686283096671104
0.42278637597337365
0.9045726363547146
0.5410480762366205
0.3108201497234404
0.9859798639081419
0.25392770185135305
0.4760689267423004
0.41291428613476455
0.7690334296785295
0.6831994235981256
0.25386129110120237
0.2923073049169034
0.1913090345915407
0.20930234645493329
0.5432391031645238
0.46110876253806055
0.8788505238480866
0.7060819095931947
0.682920747436583
0.009347124956548214
0.5588598386384547
0.12486234679818153
0.1525881509296596
0.1940188347361982
0.1414995074737817
0.20373789151199162
0.3873285895679146
0.32464039931073785
0.1987557546235621
0.4747921961825341
0.28798831067979336
0.3942604996263981
0.5255772464442998
0.20282976352609694
0.9860242863651365
0.04956064186990261
0.8479340076446533
0.20790606131777167
0.6883287231903523
0.5384529249276966
0.4816048629581928
0.35829071165062487
0.855392885627225
0.8245437440928072
0.6768314931541681
0.2706708642654121
0.193227345822379
0.8679511200170964
0.1995707182213664
0.48052623053081334
0.7318250988610089
0.6939693293534219
0.2003806084394455
0.013803446432575583
0.7599700675345957
0.15452274424023926
0.0333603925537318
0.4460196273867041
0.6488903358113021
0.4291987700853497
0.3653161167167127
0.6694398522377014
0.9881937836762518
0.24441205756738782
0.8043072442524135
0.7049663327634335
0.5789454833138734
0.36884564021602273
0.26242350973188877
0.5458759430330247
0.07079318747855723
0.4131485631223768
0.059397358912974596
0.8650061299558729
0.06537162396125495
0.8347878963686526
0.062301488826051354
0.25304296240210533
0.2652135465759784
0.8602405583951622
0.010699949692934752
0.0929662159178406
0.009426202159374952
0.7721339261624962
0.42073413310572505
0.9849788120482117
0.1265135684516281
0.2574699120596051
0.06652703019790351
0.3013400125782937
0.008418360259383917
0.6718111922964454
0.5329753018449992
0.7104253263678402
0.9958124766126275
0.5385585629846901
0.21689644362777472
0.646521896822378
0.7231778260320425
0.02400008635595441
0.6812674240209162
0.1091616079211235
0.36706382827833295
0.9446123319212347