1 14 33 -19 17.541 0.47442 0.38181
2 41 34 7 74.174 0.59271 0.38139
2 17 22 -5 7.8874 0.41815 -1.373
1 21 28 -7 18.262 0.49229 -0.39834
1 7 16 -9 21.643 0.35539 0.19452
1 13 10 3 13.845 0.29868 0.45387
2 10 13 -3 6.1478 0.083176 1.2319
2 19 16 3 2.5669 0.33959 -1.373
2 34 44 -10 85.491 0.57364 0.77126
1 23 22 1 14.976 0.46123 0.38181
1 18 26 -8 16.732 0.45764 0.38181
1 26 29 -3 10.133 0.47471 1.3596
2 17 34 -17 104.02 0.62284 -0.32419
2 38 37 1 35.55 0.57138 0.77126
2 25 21 4 25.565 0.38658 -0.0084754
1 12 19 -7 47.208 0.51613 0.71322
2 30 17 13 15.649 0.56677 -1.7629
2 9 5 4 3.0279 0.13265 -1.1023
2 25 18 7 10.333 0.31585 -0.0084754
2 32 25 7 17.868 0.55402 -0.59328
1 24 22 2 5.5359 0.48015 0.18625
2 24 32 -8 29.505 0.57334 -1.373
2 32 28 4 21.926 0.43944 1.551
2 27 23 4 31.789 0.3904 0.57633
2 24 0 24 9.9114 0.53125 -3.1383
1 26 38 -12 32.798 0.54443 1.1641
2 10 18 -8 23.269 0.64031 -2.399
1 47 37 10 111.26 0.64087 -0.064839
1 31 25 6 25.504 0.60268 0.18625
2 23 28 -5 12.764 0.57363 -0.20487
2 35 16 19 86.392 0.6336 0.19452
1 27 28 -1 21.961 0.48397 1.3596
2 25 15 10 8.489 0.36625 -0.78821
2 25 38 -13 41.19 0.58151 -0.20487
1 27 29 -2 26.412 0.56122 -0.20487
2 28 26 2 94.539 0.65226 0.45387
1 24 23 1 22.47 0.57854 -0.40044
1 13 11 2 17.227 0.15278 1.2319
2 23 22 1 9.8928 0.53531 -0.596
2 16 19 -3 2.259 0.29224 -1.1781
1 14 13 1 20.865 0.2524 1.4913
1 35 21 14 29.354 0.58992 0.38181
1 34 29 5 37.782 0.59662 0.9685
1 13 20 -7 12.018 0.46648 -1.1827
2 41 36 5 41.362 0.53702 1.7459
1 9 19 -10 22.838 0.625 -1.1023
1 21 24 -3 11.366 0.57086 -0.596
2 27 23 4 15.249 0.4864 -0.20341
2 31 45 -14 60.232 0.55713 0.77293
1 22 36 -14 81.493 0.62247 -0.40044
1 35 37 -2 55.046 0.59606 0.38139
2 30 26 4 18.679 0.4037 1.3561
2 24 33 -9 26.178 0.49492 0.38139
1 9 7 2 2.5149 0.11719 -0.58355
1 12 5 7 5.4394 0 -0.064839
2 44 28 16 55.361 0.60031 0.18646
2 34 32 2 45.875 0.52296 1.1611
2 23 29 -6 10.502 0.48595 -0.20341
1 14 16 -2 40.673 0.58667 -0.32419
2 26 14 12 11.468 0.49625 -0.596
