31.974231684580445 43.935534032061696 13.955075107514858
-30.605123797431588 39.989394368603826 -48.2503128470853
3.047658037394285 -8.860757830552757 4.752247198484838
32.43008616846055 -30.973106250166893 14.776686555705965
-22.462651855312288 42.09536851849407 19.992991187609732
32.276331540197134 -5.450684740208089 -26.299237902276218
-27.62361450586468 -13.424717681482434 -18.38257780764252
0.346128037199378 -23.680325038731098 -16.12929969560355
32.15259516146034 -43.82885575760156 29.499356145970523
5.8840381214395165 -43.41187330428511 32.939108670689166
17.13820663280785 -44.44021612871438 -6.781959254294634
-37.51752241514623 6.750595383346081 -35.262815305031836
-27.38583362661302 -24.0816897014156 40.69164637476206
8.877698332071304 37.42013839073479 33.08360886294395
-47.0215670298785 47.98403538297862 -19.512861571274698
-41.34157884400338 -40.812615025788546 -0.29350167606025934
42.78913959860802 43.86882393155247 6.420644861645997
17.112511256709695 -19.43220526445657 -19.231085828505456
2.2448927396908402 28.023256361484528 14.846581197343767
31.789308693259954 16.93355378229171 -31.310560344718397
30.450529931113124 -23.435552092269063 21.520918933674693
-46.64349150843918 -32.32245163526386 -27.229202934540808
10.421495046466589 32.95752496924251 -10.400420427322388
26.26949124969542 -26.969260349869728 3.5113994032144547
-39.479881431907415 29.66948722023517 -11.620231717824936
43.59806659631431 21.898240293376148 -5.326600465923548
26.796856126748025 -6.56093058642 -28.73704570811242
8.539371495135128 10.745051898993552 -24.742318270727992
38.66031055804342 -9.238969325087965 -8.32526902668178
30.43081145733595 25.23709030356258 -13.574429019354284
0.024120090529322624 -27.305401116609573 43.73985209967941
-23.837727797217667 -37.88514821790159 -28.23502141982317
-48.76258783042431 40.381319844163954 17.23447390832007
-9.162595542147756 -38.640650641173124 -42.43774542119354
-26.91309256479144 2.53838743083179 8.136832481250167
-43.71198166627437 13.773572235368192 -28.598746401257813
17.689112620428205 -29.683242202736437 -41.979455412365496
-43.45777288544923 -5.5773199535906315 -30.598392616957426
-27.826451626606286 26.349118212237954 26.351313991472125
-31.232202728278935 36.13388738594949 29.772514733485878
-47.540761227719486 -6.869778805412352 -34.04371659271419
-49.36809171922505 44.19145986903459 13.52458808105439
11.194061231799424 -7.4496816378086805 27.7095815166831
44.79038862045854 19.276299118064344 2.567323506809771
43.56429730542004 20.54702239111066 19.390198402106762
-40.732211992144585 47.01806451193988 -32.621825113892555
-21.2458788882941 -16.691204579547048 8.554873964749277
-10.825483850203454 -28.669735742732882 45.38813030812889
-11.689152708277106 9.90084270015359 -44.2212182097137
-47.10273251403123 -31.39819570351392 17.16056987643242
-49.46692148223519 -29.975016065873206 -15.168984839692712
35.21481095813215 -27.78991654049605 4.73412643186748
-2.9163986910134554 -37.11451811250299 -29.124373709782958
39.69921392854303 24.953512847423553 -28.18260951898992
31.43105166964233 39.87073600292206 22.911607893183827
-38.651423109695315 -26.19525904301554 34.030980756506324
20.177960791625082 -41.038742871023715 17.403563461266458
22.22572087775916 -25.051710195839405 -15.523292170837522
-46.12008936237544 -6.0360766015946865 15.19063487648964
40.03941447008401 -27.768369717523456 -8.775354898534715
9.411968640051782 -47.129962337203324 -11.852045194245875
40.70592359639704 -12.641041027382016 41.37644381262362
-35.26626918464899 -0.3951494814828038 28.549731033854187
5.620023864321411 -3.178460570052266 31.13431059755385
9.498988534323871 32.011090498417616 4.644261603243649
-9.64904478751123 -18.30412291456014 31.98847195599228
-15.67916264757514 -36.61085371859372 46.192633849568665
-15.262316772714257 -22.03815123066306 9.56687186844647
27.892164699733257 -49.136548792012036 15.482198377139866
-17.103234049864113 -9.47113533038646 -32.94071520213038
13.289112388156354 -46.811646642163396 39.138005184940994
-4.180597537197173 -7.252368470653892 -0.012269965372979641
14.156007906422019 -11.165684973821044 37.786463531665504
30.35248233936727 7.319774338975549 45.23505480028689
47.05269350670278 23.7947101239115 -7.460770453326404
38.59537437092513 12.517932732589543 -47.998349415138364
34.90368772763759 -49.18709164485335 9.527620347216725
32.63363672886044 29.383837874047458 36.03864507749677
40.730111044831574 13.20947171188891 15.342498105019331
-31.017235131002963 12.240028008818626 25.73990887030959
32.735143322497606 -22.879590024240315 36.36963851749897
-3.6330904811620712 -31.349200871773064 9.49235197622329
-22.737598069943488 -11.446897708810866 -34.49746277183294
-49.082054663449526 -11.264712736010551 32.13486517779529
27.370056440122426 48.10492394026369 1.8815355142578483
-1.2104968773201108 20.065391319803894 40.91848121024668
20.252868300303817 8.923553791828454 -42.855753004550934
-24.492311477661133 35.81619116012007 9.213816840201616
-11.3707474200055 49.871904705651104 49.65325074736029
4.832160263322294 -20.86816281080246 -11.0218201065436
14.24043148290366 -1.0573296109214425 2.136947773396969
-20.298922178335488 -49.93777375202626 -41.36462155729532
38.14317327924073 -40.24225145112723 -16.600647661834955
26.512413541786373 -26.819707825779915 -0.28395350091159344
11.709191324189305 -39.84088427387178 11.676389467902482
-28.46777189988643 -16.89113173633814 2.5491847191005945
3.4748715115711093 8.36285906843841 28.262005769647658
8.338468289002776 -5.105331051163375 12.246829248033464
-29.574363376013935 37.359018926508725 22.03993529547006
-48.46448637545109 46.48596777115017 -8.784724748693407
-35.2293700678274 -26.405042549595237 -34.1159695526585
24.702119105495512 12.097124895080924 -45.02128385938704
9.912599506787956 -33.29865245614201 -19.090870721265674
29.496885859407485 -14.822063967585564 24.220766057260334
-48.74853100627661 29.92975888773799 -37.198861432261765
-33.22478015907109 -11.494563822634518 -17.75509351864457
35.654558101668954 -5.161112826317549 1.834026351571083
3.7640905240550637 7.8570639016106725 22.002944978885353
-44.37018493190408 -39.910022262483835 -41.772943921387196
-32.20583370421082 -35.00712658278644 -43.66751895286143
27.25149281322956 -18.65302191581577 41.98409984819591
12.694785185158253 44.278882863000035 -1.239921827800572
9.009610139764845 -8.118756883777678 -22.971576917916536
-25.565511640161276 0.6332497345283628 -25.965549098327756
-0.9098179638385773 32.188417413271964 20.636155200190842
39.444631594233215 44.2074507009238 13.074620463885367
-4.722207714803517 18.961611157283187 21.556204976513982
25.298051815479994 -15.552410902455449 45.01056044828147
-3.4443600801751018 -45.04574681632221 -34.54810227267444
33.79201528150588 -1.441474724560976 -25.40685182902962
-32.23647808190435 19.263381604105234 -38.71649373322725
-10.198343289084733 -34.40848025493324 -25.55467481724918
-9.931288659572601 -16.257484164088964 24.961069715209305
-6.019302480854094 37.37435038201511 3.6372071830555797
34.17353364638984 -13.035896699875593 14.075077907182276
27.136279037222266 33.86360816657543 8.575003035366535
-39.26551705226302 -17.313414090313017 -21.134227444417775
-4.132701852358878 29.026669496670365 -11.789913987740874
-10.366592928767204 46.72533920966089 -6.4943216275423765
-40.25697675533593 23.513919254764915 6.384435715153813
-21.255387412384152 28.970658290199935 -6.917814048938453
34.14730334188789 16.363045456819236 -19.99877921771258
-26.239464385434985 41.32606296334416 -46.8909218441695
16.248705121688545 -5.663448688574135 45.17951880116016
25.551194418221712 -42.12805109564215 -24.398173158988357
41.73516361042857 26.723403320647776 -14.169945335015655
-29.090478108264506 -48.73349713161588 -9.621417755261064
-37.77971202507615 -26.02498058695346 15.56975010316819
-42.58355868514627 -25.60104087460786 -37.52803094685078
8.992263046093285 -20.729116490110755 -6.322977598756552
49.99542562291026 -20.519909472204745 1.5587038826197386
47.45131563395262 -7.693967642262578 35.8288727235049
33.928394014947116 -6.034948560409248 37.21356256864965
14.914461341686547 -27.65988758765161 37.63504787348211
2.1665308391675353 13.065758789889514 18.642605212517083
-23.473947099409997 30.48230593558401 28.952520294114947
-22.823544056154788 -46.74202320165932 -5.2633893908932805
35.88822833262384 7.548803207464516 -26.50223085656762
16.910006897524 39.978528674691916 -27.759814215824008
-43.722890224307775 11.317344172857702 -22.27247457485646
-19.90814006421715 13.826546003110707 40.85641182027757
-9.439580840989947 -39.25246016588062 25.335316616110504
27.99613820388913 25.98927889484912 48.971821600571275
28.08987235184759 10.699925618246198 -17.200441448949277
28.470910992473364 -29.60640483070165 -35.92153028585017
-22.397799068130553 11.145679629407823 2.295035030692816
44.26388640422374 20.783716859295964 -16.12042721826583
9.455740521661937 21.174389007501304 17.272489983588457
-26.656910916790366 40.9139096038416 24.86276680137962
48.968091630376875 45.24397840723395 23.580930032767355
12.906551361083984 -36.67220971547067 -46.40741106122732
15.966623742133379 4.824194218963385 32.305239932611585
13.095808145590127 -22.834234149195254 -43.684975733049214
0.4614110803231597 -39.76017392706126 -33.30286210402846
-15.291601070202887 33.37236070074141 38.16755278967321
20.503334212116897 47.58041216991842 36.004330893047154
12.968905619345605 -5.27863095048815 -22.800854523666203
-43.48544040694833 4.490611609071493 -9.090387145988643
-49.10146254114807 38.07418665383011 19.607455609366298
-29.263359075412154 24.237794568762183 49.906050809659064
-35.29521634336561 -20.768521795980632 -6.296235974878073
17.68295739311725 -33.595249662175775 45.79708189703524
-39.93671897333115 15.336123388260603 44.31515811011195
-40.23552457801998 22.65508242417127 17.36161415465176
-3.064666804857552 -2.264489443041384 8.191502280533314
45.38305778987706 15.917389071546495 49.70654908102006
-41.60406815353781 46.23627061955631 -18.799866060726345
6.093011749908328 12.388998921960592 32.085450063459575
-46.492783981375396 -5.767119466327131 -42.8700256627053
-3.6500810412690043 16.711289482191205 42.24585557822138
-45.58153236284852 21.45083223003894 9.240765520371497
-20.113339344970882 8.43068032991141 -40.20583904348314
35.50313990563154 -34.98632612172514 -39.876455860212445
-33.936314401216805 -32.63596941251308 8.877612091600895
17.245842260308564 2.26367914583534 -31.802108022384346
-32.319626468233764 31.878534611314535 -0.36929030902683735
-12.792218360118568 6.427006260491908 39.081781497225165
-7.462783204391599 15.288125397637486 0.3905453020706773
-16.581412265077233 -4.65773968026042 -33.7108506122604
48.76892187166959 -47.37773984670639 42.09621681366116
40.65079754218459 -15.72868232615292 -14.598517934791744
28.47205533180386 -1.378913689404726 1.1048733023926616
-18.226942676119506 10.526889259926975 33.735441393218935
-6.970019685104489 0.06376481615006924 -10.186336236074567
-3.646847722120583 8.237524470314384 -29.648590204305947
-11.811849405057728 -39.18222235515714 -9.784124861471355
21.106855990365148 1.4686264097690582 35.71873130276799
-44.38562989234924 -11.252011940814555 -46.48020202293992
2.4023459758609533 -45.77798054087907 -38.505715038627386
-31.491525354795158 41.31817810703069 14.105593389831483
-7.67673805821687 29.283116408623755 9.183264360763133
36.60087725147605 -40.55970725603402 -39.43744641728699
-12.130419979803264 35.71213334798813 41.8258773162961
-6.043393071740866 1.8286974402144551 20.986679731868207
31.247542263008654 -47.99437380861491 22.591073741205037
-40.25942790322006 -23.507193056866527 9.022031468339264
5.847539356909692 -9.32407146319747 41.99817278422415
-37.13424445595592 25.581735209561884 -14.542714110575616
-42.23354535643011 -33.72941678389907 8.29178374260664
-47.5076190661639 -7.524270564317703 -36.50954596232623
-8.287456608377397 10.71857763454318 2.930453815497458
-11.029675113968551 -16.770525951869786 -19.238016824238002
-7.068390469066799 -2.7638693572953343 10.798599664121866
35.053264210000634 -36.87525670975447 0.6425799801945686
35.99315066821873 7.4747797800228 25.45849510934204
-30.708849104121327 -27.63480565045029 -7.21901070792228
-28.7216329947114 -16.526720486581326 -22.250141436234117
-14.892776915803552 16.939969989471138 -34.10729218740016
1.695786975324154 19.75647124927491 -43.135848618112504
16.353420610539615 -6.329916627146304 22.640783223323524
-48.42647046316415 34.44083866197616 14.681219449266791
-37.69794278778136 -33.711775904521346 12.167492439039052
31.95328244473785 -40.062223421409726 28.06490573566407
46.01958645507693 -6.279454566538334 38.68541303090751
36.027309857308865 23.194976500235498 -22.552184597589076
48.73810266144574 5.46043214853853 13.656714651733637
-5.951944622211158 44.77519835345447 34.899646625854075
-6.1981829116120934 -6.260549928992987 -18.030058685690165
-42.503393278457224 -4.240570869296789 -30.176932457834482
-34.2589728301391 -34.91385581437498 33.97565067280084
27.361220819875598 -16.457747877575457 31.201901263557374
16.357070906087756 -30.854807305149734 28.748417226597667
-26.25195258297026 34.64405781123787 -20.17520540393889
-12.556172837503254 -34.72316190600395 -21.104263863526285
41.30942006595433 -48.10631109867245 17.012449051253498
-22.686815448105335 -1.4948073076084256 -3.850772697478533
24.07455954235047 13.15649428870529 -24.634656333364546
-7.35184692312032 -21.405397006310523 1.5436377841979265
-27.90894885547459 49.56561180297285 15.271649044007063
13.451937073841691 -17.31823447626084 10.833882284350693
-8.6719224229455 -9.179246216081083 -48.394985613413155
-24.08007108606398 -37.57668191101402 29.040320590138435
26.613149070180953 1.502005779184401 42.48946360312402
24.578149407170713 4.732851893641055 -16.021491028368473
-6.707383203320205 18.36865448858589 46.51126975659281
49.78685290552676 24.92787109222263 6.896547460928559
-4.480319702997804 -35.90631370898336 -40.37015198264271
-20.434585004113615 -10.165311861783266 -24.12302156444639
2.6167888194322586 11.996431229636073 33.13663855660707
8.889385452494025 27.922240272164345 0.909358449280262
40.83720159251243 -43.13272372819483 -22.822689451277256
33.42687820550054 26.512210560031235 -13.056006259284914
-45.68292412441224 -9.528749622404575 41.26692614518106
-15.246208105236292 -20.764355990104377 -45.75733207166195
40.2822133153677 29.806757043115795 -13.633275241591036
-44.1601820057258 46.887142281048 0.43691275641322136
44.971435982733965 -14.346513291820884 -15.41573170106858
10.148071800358593 11.63273632992059 -12.550610001198947
-43.438641307875514 -39.83145465608686 -10.913591156713665
-37.653229385614395 -42.91803855448961 34.71744309645146
-4.204119951464236 -48.65278473589569 27.827509306371212
-20.640798495151103 -5.467499699443579 -43.48485707305372
9.257987095043063 -35.35107362549752 -22.368422406725585
34.0228513116017 -16.32754362653941 -28.479858115315437
-44.687580526806414 23.789435625076294 -42.745995381847024
32.91947564575821 -12.817517761141062 47.88898387923837
-15.820565656758845 9.18550556525588 -48.29623738769442
-30.774578917771578 -30.924786650575697 -22.24029339849949
46.214619115926325 1.365271001122892 -28.162875561974943
-17.40851025097072 -23.797773523256183 -39.40615139435977
42.712708306498826 -42.47236745432019 -9.786474681459367
-7.310467539355159 -46.996194729581475 4.5679215574637055
-6.96508982218802 -25.426636962220073 8.592595532536507
-25.438258284702897 -7.219341117888689 -28.118720650672913
-21.9337266869843 -23.18166010081768 -25.96687451004982
-34.97461837250739 -36.69438888318837 27.745438972488046
-2.977733686566353 -31.24702621717006 -47.05183275509626
7.565102796070278 25.795983476564288 49.37776969745755
46.120011201128364 15.349736250936985 15.595931163989007
36.496688425540924 -9.584263805299997 45.94724515918642
-37.193851405754685 -46.283151977695525 44.26195789128542
-20.09391977917403 -24.283262621611357 11.166528589092195
-13.060084963217378 -32.43955278303474 -36.38284830376506
-31.679046363569796 -42.02402816154063 -41.84296785388142
1.6788240522146225 14.999436703510582 3.212253679521382
-20.206451578997076 28.56545145623386 -24.713356094434857
-33.717325120233 33.20616874843836 34.335260977968574
11.327183153480291 -8.216127706691623 16.924420557916164
-7.385960523970425 -15.227668778970838 -4.01054120156914
31.578965322114527 15.145042492076755 25.04118075594306
33.224136056378484 -19.361096085049212 -21.754243364557624
25.5958802299574 37.29336247779429 -45.780014619231224
43.5811402508989 9.873495856299996 -24.22376978211105
-7.636884530074894 -38.449584413319826 -3.069703350774944
-0.15439826529473066 -43.27183458954096 -37.655853759497404
-6.8424600176513195 -36.11465112771839 -10.108632547780871
-10.508233378641307 -11.39149903319776 -40.71523561142385
41.176641010679305 -47.01078496873379 -29.697339795529842
-7.383113307878375 26.969507755711675 1.6841057455167174
16.4671094622463 41.858943714760244 -33.59442336950451
-47.55099005997181 -16.884542303159833 7.345271296799183
-27.57493150420487 -23.799014324322343 -42.20300270244479
13.956466084346175 -26.792361005209386 -8.529707952402532
39.04751162044704 -16.833450086414814 -33.43541584908962
-2.492625033482909 0.6081376923248172 12.685530539602041
-32.173254899680614 -42.281986004672945 8.560552634298801
-7.819915586151183 -30.822314810939133 27.352114743553102
0.6457538576796651 8.685631421394646 -40.058069000951946
4.198522120714188 37.137405085377395 42.14984546415508
26.80812005419284 -0.9173611411824822 9.149621101096272
23.03714321460575 8.847706438973546 -17.668259260244668
-18.09991323389113 16.334823635406792 -29.58101285621524
0.924737099558115 27.645024517551064 -8.39357259683311
30.067661521025002 -22.54043973516673 43.21078727953136
30.94885884784162 -34.15319863706827 -19.797308067791164
-8.607002533972263 -34.607063443399966 -29.13638341706246
20.296026300638914 -12.513351393863559 46.73537164926529
-14.503596094436944 -48.6245600041002 47.71426874212921
38.00588601734489 8.220495446585119 -20.816727075725794
25.304702203720808 -17.16389174107462 -7.233616756275296
26.554440427571535 18.571259872987866 -12.806821521371603
36.522655677981675 -49.701640428975224 38.56522759888321
-21.823643730022013 -24.00059981737286 0.33696426544338465
9.70315937884152 10.090882191434503 0.6141942460089922
26.19421596173197 27.992552216164768 -28.796468442305923
45.09294682648033 -21.46239811554551 -1.9575423328205943
-39.527785242535174 -24.694188800640404 5.201648338697851
16.482786857523024 45.45412466395646 -16.267407266423106
47.61770945042372 -13.83365411311388 29.209052794612944
-13.06637350935489 -37.521833181381226 22.48697057366371
-8.166811033152044 0.3661539638414979 36.77992634475231
3.381742280907929 39.57217396236956 -49.56533305812627
-12.063067522831261 43.436007178388536 5.547956260852516
-19.64001904707402 36.01016595494002 4.521850356832147
-9.476989274844527 -9.526511305011809 -21.260664681904018
14.547491259872913 25.95741441473365 -32.471324666403234
-3.3911942038685083 -3.457426745444536 21.545171202160418
-0.961763272061944 9.865153604187071 25.964048225432634
-23.713324265554547 13.17456893157214 -7.641910552047193
-38.206713437102735 -28.72683417517692 -7.585493032820523
-31.80694456677884 -17.563884728588164 -30.98396162968129
8.442451828159392 49.38432250637561 -48.60718222334981
-32.080492307431996 19.06377573031932 -42.69407645333558
-5.474697658792138 40.40085696615279 -13.205302646383643
-37.99768886528909 38.83162934798747 -31.58656721934676
-43.123611132614315 22.320747980847955 -8.473084308207035
-1.9990312866866589 -6.278450484387577 -47.015272406861186
-25.28718870598823 1.130628352984786 15.380130358971655
-46.550074382685125 44.19616486411542 -3.1653241720050573
-10.649062087759376 -40.54844866041094 -32.34380062203854
-10.714074387215078 -31.573946215212345 -36.662150314077735
33.93677056301385 11.5792395779863 31.08735978603363
-39.29963184054941 -16.375596541911364 -1.5114823123440146
-4.741237382404506 -42.70212082192302 22.906786808744073
-43.9038380747661 -21.112606767565012 -26.285911654122174
15.672101126983762 0.6216962821781635 -34.713132213801146
-24.89674238022417 47.482658410444856 -37.22888163756579
21.37277026195079 -19.06377924606204 39.74717087112367
-19.418794685043395 34.599610581062734 -16.132484981790185
-6.837424146942794 -20.14656667597592 -1.247823890298605
-46.2731703883037 46.731980540789664 21.184123517014086
20.108139025978744 17.4051892478019 -33.439680258743465
24.392178049311042 27.429187763482332 -8.583323983475566
-8.941454696469009 43.43833702150732 33.917591301724315
3.4770568599924445 44.503916963003576 -32.05950455740094
29.842413146980107 -0.7681390270590782 6.121823540888727
12.558884616009891 -14.12007762119174 -25.104513787664473
11.57180960290134 -22.713042935356498 29.312041634693742
27.76752272620797 0.34449445083737373 -38.495962554588914
-26.220953231677413 -33.62338901497424 10.997471655718982
30.58293128851801 -45.797931519337 11.596303642727435
11.779289576224983 28.96043446380645 9.589810273610055
-45.403409167192876 31.32444315124303 9.320361469872296
13.206369383260608 -48.32269523758441 2.634807047434151
35.47729095444083 9.103238605894148 -19.810296315699816
-16.79947127122432 -44.373167608864605 -5.607684561982751
18.91820940654725 -49.01171503588557 -31.03631641715765
-35.604781168513 -0.37971604615449905 3.572394116781652
-31.70095277018845 -16.193134454078972 -25.54088372271508
42.68412101082504 38.62160379067063 21.521316445432603
-2.059154654853046 29.02104719541967 6.245697778649628
-23.294225591234863 45.92747122514993 28.895126399584115
35.98538504447788 -22.310726903378963 -0.9107556194067001
33.19489296991378 -49.22116820234805 3.802681784145534
9.11270568612963 -35.942951729521155 3.092245804145932
-7.637850916944444 41.55419352464378 -42.54525522701442
-30.661734705790877 6.51567461900413 29.838540474884212
27.309065172448754 47.009919793345034 48.53885341435671
20.578231406398118 -1.4972332399338484 -46.970523125492036
-26.135582057759166 4.69477609731257 -17.76312803849578
-24.96169067453593 -3.3402845030650496 6.491536041721702
-2.8310236986726522 4.017826449126005 1.010147645138204
-22.46231900062412 -34.18120816349983 -29.700603848323226
41.12383183091879 -6.885150820016861 15.232863579876721
10.131422663107514 17.436510883271694 41.5573843754828
46.88772237859666 -48.46822472754866 -29.212381783872843
40.90340011753142 31.578563363291323 27.50195716507733
13.95109195727855 -17.66067778225988 20.862474851310253
-2.553838910534978 15.082263550721109 -12.325437786057591
29.226937633939087 17.487263143993914 -45.3053324483335
-5.76061294414103 -32.496853708289564 20.18581610172987
-21.78419118281454 -13.755916920490563 13.206965196877718
-27.1606064401567 -39.03190640266985 9.641735348850489
-28.71538649778813 25.670044124126434 -16.55325337778777
-2.493795449845493 -22.258549206890166 23.89788581058383
16.747354343533516 10.103989019989967 22.64417069964111
38.6292842682451 -46.43305249046534 -31.015003100037575
-49.73273815121502 -30.247340514324605 -12.306281575001776
46.89606137108058 -25.73010514024645 48.602770012803376
-43.945621931925416 15.63149681314826 -19.538477156311274
-17.9388816235587 4.53840303234756 -21.691254759207368
-39.85357382334769 -17.604665039107203 23.9885674091056
-31.27647985238582 37.64666432980448 21.263595880009234
48.21273742709309 26.014244835823774 -5.280804936774075
-46.72377642709762 29.701846046373248 -35.870168544352055
29.31364846881479 -48.3402433572337 -23.073006654158235
20.0921616749838 2.601178945042193 49.04450522735715
14.69936987850815 -3.5410808166489005 13.38438461534679
-33.00470637623221 -8.397656911984086 30.84733511786908
35.88406078051776 34.94941247627139 -0.7625845726579428
17.57247536443174 -12.906282115727663 47.99424409866333
-17.544956738129258 21.10910404007882 -45.64337490592152
15.17264402937144 -0.9950323728844523 2.85668286960572
-34.8098149523139 42.48772198334336 -12.923602806404233
-47.779838810674846 -10.42627093847841 -36.12874085083604
41.30241945385933 10.202799108810723 17.653694073669612
48.22401844430715 45.11313633993268 -42.62156579643488
-5.262128007598221 -35.46642353758216 -17.244609561748803
17.93323887977749 -24.704336654394865 28.427250683307648
-1.9956239499151707 -13.592033251188695 -10.096313152462244
15.781182376667857 -14.089386421255767 26.014531264081597
-22.420385503210127 15.511218504980206 12.968180468305945
-38.42860762961209 -12.238692818209529 -17.33300001360476
28.650288144126534 16.725977952592075 26.24848294071853
22.843604697845876 19.57924640737474 -28.662742814049125
-36.20103010907769 43.24010503478348 49.91148370318115
-47.533734259195626 36.22802293393761 31.007268861867487
9.366267756558955 38.4669394697994 6.172704673372209
-41.25225704628974 -38.073627138510346 -16.954033076763153
-28.069227747619152 -44.24080261960626 -15.199953829869628
-18.941592145711184 30.612293863669038 -3.803211427293718
-14.231908693909645 34.53645461704582 29.807483684271574
-15.213591465726495 -46.1732406867668 31.14423507358879
-37.25972401443869 -33.35435828194022 -49.99736328609288
-17.9079964524135 46.39067822135985 -33.60969955101609
-21.42097121104598 19.20402676332742 -8.69373029563576
7.961004972457886 -10.636425786651671 -17.39443966653198
28.627228713594377 4.035058431327343 12.29285909794271
-1.7110227374359965 -0.8732802700251341 -0.8596205618232489
46.97435724083334 8.02303000818938 5.143602867610753
-19.95609018485993 40.99866340402514 39.84483783133328
-42.15319762006402 39.348747208714485 -6.297694519162178
6.7098117200657725 30.513822194188833 15.000132634304464
11.145581374876201 12.58487580344081 -45.04013154655695
-20.09233394637704 -21.34052379988134 -18.962720734998584
43.76124625559896 -36.38052763417363 16.79685504641384
-26.107886852696538 17.446342925541103 -3.3417945029214025
-9.35316605027765 16.748867137357593 28.467550524510443
24.711191514506936 -5.6164809269830585 0.3676507156342268
-35.00663235317916 -7.193826325237751 36.94640805479139
0.06634793244302273 -43.08155260514468 1.3539446517825127
-45.310571137815714 7.26571895647794 34.00257397443056
6.662285723723471 -11.258513783104718 -42.48208531644195
-17.216229252517223 38.722366746515036 20.807381416670978
22.54167841747403 -29.21380279585719 32.92724115308374
28.462748671881855 46.62663314957172 43.445113860070705
-13.23614357970655 12.607774580828846 -39.07428802922368
-49.74221994634718 -25.0453419983387 -25.277069583535194
-0.24532051756978035 27.43498997297138 -5.3153329296037555
20.90121330693364 -11.3669317914173 8.110611885786057
-15.235544205643237 -37.30516014620662 28.53829611558467
-24.627281492576003 34.43742822855711 38.69401637930423
12.298489082604647 -9.64201728347689 21.360411983914673
-31.566506158560514 9.71985396463424 3.9421134861186147
28.884401498362422 31.85379400383681 -23.71699847280979
32.260625809431076 7.407316146418452 13.920932216569781
-45.909945387393236 -1.3336405158042908 -21.52142277918756
12.318144855089486 31.442653108388186 -28.89448234345764
-14.69883278477937 9.083936316892505 36.24651615973562
-23.27751941047609 -43.190568778663874 14.09645895473659
4.002442164346576 30.55156129412353 2.0452497294172645
37.700578407384455 -6.662543048150837 30.98556469194591
12.40493725053966 14.049889706075191 -33.56148521415889
-49.94694476481527 -10.082208854146302 -46.61621006671339
-45.80720094963908 25.288133649155498 -26.666861912235618
-49.46188579779118 40.50185999367386 -9.541587298735976
17.37282588146627 -19.341074535623193 31.535549857653677
40.60272986534983 28.506729123182595 46.57576109748334
8.063990226946771 47.84650676883757 19.598673470318317
35.86652395315468 29.22694361768663 30.745658022351563
2.958259009756148 -10.310492385178804 41.199200972914696
-25.970621849410236 0.20336797460913658 15.653341147117317
-22.22964675165713 -48.389491881243885 -17.625103727914393
-36.01003929506987 -14.773864601738751 -40.94092212617397
-31.469779601320624 25.811027898453176 13.755161385051906
-39.61159132886678 -33.509057108312845 -29.315508692525327
-25.770400348119438 12.334979348815978 32.9011409310624
-27.804109477438033 -43.50606598891318 17.950936686247587
-1.7906895140185952 -29.91979685612023 -11.636148323304951
-47.912338306196034 -3.5803076112642884 -19.142850069329143
