-0.24391323700547218 -0.8618201557546854 0.10797435697168112
-0.2414165842346847 0.42000014148652554 -0.49944506119936705
0.2948391158133745 0.9284243579022586 0.5121027468703687
0.4223701851442456 0.62596763856709 -0.8014931161887944
0.15583988511934876 0.5388529906049371 0.7632322772406042
0.17377520445734262 0.5057183913886547 -0.7837043413892388
0.9079768168739974 -0.4400141080841422 -0.2693385686725378
0.8070234842598438 -0.46573004499077797 -0.14262738870456815
-0.6370703377760947 0.5940465736202896 -0.6355709577910602
-0.24194008251652122 0.8615091424435377 -0.29420085391029716
0.7260623779147863 -0.2379039516672492 -0.13328192243352532
-0.20340640749782324 -0.6076278169639409 -0.44887375831604004
-0.2535664620809257 -0.7255150671117008 -0.008621897082775831
-0.6401245021261275 -0.39228851441293955 -0.13249064376577735
0.06014954578131437 -0.8044245447963476 -0.8220966435037553
0.3557606437243521 -0.897417701780796 0.7025170023553073
-0.632666883058846 0.05994976731017232 -0.24343673279508948
0.09147329675033689 0.2532434989698231 -0.8751373677514493
0.3436535382643342 0.6459202948026359 -0.9714778452180326
-0.6305520529858768 0.11564005305990577 -0.06956422934308648
0.7781183738261461 0.5195844932459295 -0.8121614283882082
0.0956157105974853 0.9283212041482329 0.806580179836601
0.16051778430119157 -0.8332295906729996 -0.21342906821519136
0.7237304411828518 -0.03330669738352299 0.6209566351026297
0.8350930456072092 -0.007444078102707863 -0.7517229411751032
-0.5901254108175635 0.6831768075935543 0.6048072339035571
-0.04048265935853124 -0.7162517439574003 0.7702670753933489
0.9320529028773308 0.12050056969746947 -0.15278457524254918
0.2969828471541405 -0.45997997047379613 -0.2891005529090762
0.2512485021725297 0.7048399755731225 -0.49904625210911036
-0.47377048060297966 0.7870781249366701 -0.37365896441042423
-0.09837886830791831 -0.7754341117106378 -0.1453744019381702
-0.24313645670190454 0.9870873633772135 -0.09014812624081969
0.16153134545311332 -0.3720425199717283 0.8918428779579699
0.6005281321704388 0.9844398363493383 0.822046684101224
0.5932929515838623 0.5603004987351596 -0.8535840245895088
0.8918532379902899 -0.9817149280570447 -0.8905700161121786
-0.4134647990576923 -0.06236302154138684 0.4872760414145887
0.8112305360846221 -0.3255858225747943 -0.9262009491212666
-0.3536218609660864 0.9326742487028241 0.8159254374913871
0.5326576353982091 -0.7522299280390143 0.20452319690957665
0.17234891233965755 0.4911181526258588 -0.34519396536052227
-0.8133964128792286 -0.7017928492277861 -0.6324446243233979
0.07544046081602573 -0.7255325964652002 -0.46834233356639743
0.6660344791598618 -0.592036894056946 0.9588384046219289
0.8493509571999311 -0.956153878942132 -0.35813085502013564
-0.509891040623188 -0.6487755342386663 -0.796058330219239
-0.25358734000474215 0.6287249317392707 -0.9163733515888453
-0.9163826103322208 0.10827804263681173 -0.7541140927933156
0.5235971449874341 -0.6030860817991197 -0.2642869120463729
-0.4495835453271866 -0.8144425018690526 0.5616116039454937
0.4190687667578459 -0.785491541493684 0.9706984180957079
0.2861042069271207 -0.03345701238140464 -0.25058554811403155
0.7612697193399072 0.7417489816434681 0.8717022743076086
-0.24609927972778678 -0.1055964045226574 0.8546981392428279
-0.9584215795621276 0.9261756530031562 -0.549861972220242
-0.5490478510037065 -0.6490800096653402 -0.30916994251310825
0.6968326652422547 0.635788990650326 0.4486939627677202
0.9599288050085306 0.39377279859036207 -0.8181655579246581
-0.3346824571490288 0.6564132273197174 0.121694247238338
-0.769571946002543 -0.44030039524659514 0.3170482348650694
-0.4864586698822677 0.11511002108454704 0.06588898878544569
-0.7424869607202709 0.150306835770607 0.9631291828118265
0.08603279246017337 0.6439137407578528 0.6423417548649013
0.7339967270381749 -0.9199461350217462 0.7354353680275381
0.5111434268765152 -0.687900431919843 0.0875176633708179
0.6008211192674935 -0.28473884239792824 -0.7737717349082232
0.06610565958544612 0.8646161211654544 -0.08580716326832771
0.2607836853712797 0.9833887340500951 -0.5295580481179059
-0.6290826550684869 0.6483494699932635 0.7794664548709989
0.9272812926210463 0.2868418344296515 -0.8398319017142057
0.9712264174595475 0.17534805228933692 0.6247648065909743
-0.3285182728432119 0.20023704878985882 -0.7435481743887067
0.9291684459894896 -0.568020470906049 0.06375255947932601
0.5533707612194121 0.09806558582931757 -0.6774297039955854
0.7034224327653646 -0.6154277394525707 0.9412440797314048
-0.6409216322936118 -0.43698213063180447 -0.22249725414440036
-0.5861463341861963 0.9091597045771778 -0.9266121834516525
0.282814082223922 0.019529474899172783 0.9511347832158208
-0.1910846922546625 -0.015577483456581831 0.05404213350266218
-0.8186579765751958 0.7681419509463012 0.3876642188988626
0.5324546447955072 -0.7216952508315444 0.9866285538300872
-0.47525577200576663 0.23440611129626632 -0.5241487976163626
0.5559369488619268 0.15582219511270523 0.36207912396639585
-0.7303513837978244 0.6738825449720025 0.7455090843141079
0.5261632590554655 0.028976987581700087 -0.4100189437158406
0.36682590190321207 0.9501427537761629 0.2970409276895225
0.9439389533363283 0.03053449932485819 -0.23324877535924315
-0.6893902947194874 -0.5284386016428471 -0.730696324724704
0.3763123988173902 -0.015945874620229006 -0.3926566746085882
-0.5635600895620883 0.03398258378729224 -0.47178122168406844
0.6987846456468105 -0.19411368435248733 -0.5579546233639121
0.7810452021658421 -0.7925294106826186 -0.03329783445224166
0.20380172412842512 -0.2852098126895726 0.8635329050011933
0.5594193995930254 -0.18575395457446575 0.16726058023050427
0.4949989686720073 0.08307303953915834 -0.8573877271264791
0.5318242805078626 -0.619092267472297 0.8662042170763016
0.33774436032399535 0.9302179957740009 0.9876037403009832
-0.4133655782788992 0.10505852242931724 -0.940285824239254
-0.44231273606419563 -0.045226726680994034 -0.29028984857723117
