36.000 -84.000 30.000
-14.000 64.000 8.000
-60.000 -36.000 -12.000
54.000 0.000 -32.000
-18.000 -12.000 82.000
54.000 0.000 56.000
12.000 -60.000 -42.000
-42.000 -70.000 44.000
-6.000 -16.000 14.000
-52.000 16.000 32.000
44.000 50.000 6.000
20.000 -46.000 84.000
-34.000 16.000 -28.000
-16.000 -98.000 -4.000
10.000 32.000 62.000
56.000 -60.000 -18.000
68.000 -42.000 28.000
-44.000 -64.000 -38.000
10.000 26.000 -12.000
-54.000 -28.000 52.000
-6.000 -48.000 50.000
-26.000 -56.000 -4.000
66.000 -8.000 12.000
30.000 -86.000 -22.000
12.000 0.000 62.000
30.000 -24.000 -14.000
-26.000 -36.000 -34.000
2.000 26.000 30.000
-12.000 -44.000 86.000
-16.000 -92.000 34.000
28.000 12.000 20.000
-30.000 24.000 56.000
-34.000 -6.000 6.000
42.000 -24.000 24.000
-40.000 40.000 -2.000
20.000 60.000 26.000
12.000 -76.000 58.000
-56.000 -54.000 26.000
48.000 -66.000 50.000
16.000 -64.000 2.000
40.000 -56.000 -46.000
18.000 58.000 -6.000
-34.000 -28.000 26.000
-36.000 48.000 26.000
38.000 34.000 46.000
32.000 -18.000 78.000
48.000 26.000 0.000
-12.000 -88.000 -24.000
-14.000 4.000 -12.000
62.000 -30.000 -14.000
-40.000 -80.000 0.000
48.000 -78.000 8.000
34.000 -36.000 56.000
6.000 -28.000 82.000
28.000 2.000 -32.000
-48.000 -6.000 -28.000
-34.000 -8.000 56.000
60.000 22.000 18.000
-20.000 42.000 -8.000
-30.000 -36.000 66.000
22.000 -98.000 10.000
-60.000 -18.000 10.000
32.000 2.000 -12.000
58.000 -34.000 58.000
8.000 16.000 68.000
44.000 -72.000 -38.000
38.000 14.000 60.000
-10.000 -68.000 18.000
-10.000 -74.000 62.000
-10.000 54.000 40.000
30.000 -62.000 -36.000
14.000 40.000 16.000
-22.000 -62.000 -18.000
58.000 -44.000 8.000
-4.000 -16.000 54.000
-38.000 10.000 30.000
-30.000 -86.000 22.000
-6.000 -44.000 -4.000
0.000 14.000 46.000
4.000 -78.000 -6.000
-46.000 -52.000 -32.000
48.000 -58.000 26.000
60.000 -16.000 40.000
-4.000 -46.000 12.000
-26.000 -52.000 -46.000
-30.000 28.000 -8.000
-36.000 -34.000 -14.000
8.000 10.000 0.000
-46.000 -56.000 30.000
30.000 22.000 48.000
-42.000 -24.000 68.000
0.000 -46.000 74.000
4.000 -18.000 44.000
-58.000 -50.000 -8.000
-58.000 -8.000 -10.000
-52.000 -48.000 46.000
-26.000 -4.000 -32.000
20.000 -64.000 38.000
40.000 4.000 44.000
-32.000 -82.000 -18.000
56.000 -20.000 0.000
24.000 -84.000 -36.000
34.000 16.000 -28.000
70.000 -36.000 6.000
40.000 -88.000 8.000
-60.000 -12.000 34.000
20.000 -2.000 76.000
38.000 36.000 -8.000
26.000 -32.000 2.000
-26.000 -22.000 10.000
-20.000 48.000 10.000
46.000 -76.000 32.000
44.000 -38.000 -22.000
24.000 -72.000 -4.000
-48.000 8.000 -16.000
8.000 48.000 36.000
18.000 -50.000 -42.000
6.000 -54.000 -22.000
0.000 56.000 26.000
14.000 0.000 28.000
44.000 -38.000 70.000
60.000 4.000 -14.000
-24.000 -82.000 8.000
18.000 -90.000 36.000
-14.000 -74.000 46.000
48.000 -2.000 12.000
-40.000 18.000 50.000
-52.000 8.000 14.000
-8.000 -88.000 14.000
-12.000 -10.000 30.000
-26.000 30.000 42.000
-8.000 32.000 58.000
-46.000 -34.000 14.000
14.000 -56.000 28.000
34.000 -82.000 46.000
50.000 20.000 42.000
10.000 -78.000 6.000
-34.000 26.000 16.000
32.000 52.000 28.000
44.000 -16.000 -24.000
-18.000 -2.000 8.000
-14.000 -32.000 78.000
-6.000 -52.000 -40.000
-24.000 -18.000 -22.000
66.000 2.000 26.000
18.000 -26.000 72.000
28.000 -70.000 68.000
42.000 -48.000 -14.000
6.000 48.000 -4.000
-36.000 -56.000 68.000
12.000 -62.000 78.000
-24.000 -70.000 -42.000
32.000 58.000 10.000
8.000 -72.000 46.000
48.000 -72.000 -22.000
-38.000 -70.000 -20.000
46.000 32.000 14.000
56.000 -42.000 44.000
-18.000 14.000 72.000
-4.000 28.000 -8.000
-28.000 54.000 -2.000
28.000 24.000 -8.000
40.000 -12.000 62.000
-6.000 -10.000 76.000
-44.000 -74.000 20.000
-42.000 -30.000 50.000
-8.000 -54.000 68.000
32.000 -70.000 -46.000
64.000 -42.000 -10.000
-52.000 -40.000 30.000
-34.000 4.000 -16.000
56.000 34.000 4.000
-44.000 -64.000 0.000
-46.000 -8.000 20.000
-20.000 56.000 26.000
58.000 -48.000 52.000
-20.000 12.000 -30.000
-6.000 58.000 -6.000
-6.000 -64.000 -4.000
-62.000 -40.000 2.000
52.000 -58.000 -34.000
28.000 44.000 48.000
-30.000 -46.000 -18.000
60.000 -60.000 12.000
16.000 -24.000 14.000
8.000 -80.000 -28.000
46.000 6.000 -24.000
56.000 8.000 0.000
-50.000 -4.000 54.000
-48.000 -36.000 62.000
-34.000 -2.000 68.000
32.000 -8.000 12.000
-26.000 -86.000 40.000
-44.000 -10.000 -16.000
26.000 -60.000 10.000
58.000 -34.000 14.000
-8.000 10.000 26.000
-42.000 36.000 36.000
-22.000 44.000 46.000
8.000 -38.000 58.000
4.000 -72.000 22.000
12.000 20.000 52.000
16.000 -74.000 18.000
-16.000 -98.000 18.000
-4.000 48.000 16.000
-4.000 -40.000 42.000
26.000 -74.000 30.000
-4.000 -80.000 48.000
14.000 -44.000 74.000
48.000 -6.000 -2.000
-46.000 38.000 16.000
-8.000 38.000 42.000
26.000 -44.000 -12.000
0.000 38.000 2.000
42.000 -66.000 -6.000
14.000 -52.000 -6.000
10.000 34.000 32.000
54.000 16.000 32.000
-30.000 14.000 -6.000
8.000 -4.000 50.000
-24.000 -68.000 50.000
36.000 -62.000 -22.000
-18.000 -78.000 -4.000
26.000 -58.000 56.000
-4.000 2.000 50.000
-26.000 -26.000 72.000
66.000 -20.000 26.000
-36.000 -44.000 52.000
-6.000 -88.000 -12.000
-44.000 -58.000 -20.000
2.000 -2.000 78.000
32.000 24.000 60.000
46.000 -22.000 48.000
52.000 4.000 20.000
-4.000 -58.000 -28.000
-48.000 -2.000 30.000
38.000 36.000 28.000
-46.000 -12.000 2.000
50.000 -18.000 -14.000
-30.000 -60.000 -34.000
-46.000 -20.000 14.000
-12.000 -62.000 4.000
18.000 -78.000 -22.000
6.000 -50.000 44.000
28.000 -10.000 -14.000
-4.000 -26.000 66.000
26.000 -38.000 70.000
-30.000 4.000 52.000
16.000 -52.000 6.000
-18.000 -54.000 60.000
-22.000 -36.000 -16.000
52.000 -48.000 -30.000
18.000 -86.000 6.000
58.000 -56.000 -2.000
-56.000 -28.000 32.000
22.000 -84.000 28.000
-48.000 -36.000 -8.000
-16.000 2.000 64.000
-4.000 20.000 70.000
14.000 -62.000 52.000
52.000 20.000 -14.000
-22.000 -10.000 -10.000
-10.000 24.000 -4.000
54.000 -40.000 24.000
-2.000 -66.000 50.000
2.000 32.000 48.000
46.000 6.000 -12.000
-4.000 -98.000 8.000
-10.000 12.000 8.000
36.000 -48.000 68.000
8.000 56.000 14.000
40.000 4.000 64.000
-28.000 52.000 18.000
-30.000 12.000 16.000
14.000 -28.000 56.000
36.000 -40.000 -4.000
22.000 42.000 36.000
20.000 -48.000 18.000
-22.000 -60.000 12.000
-28.000 -94.000 18.000
10.000 46.000 -12.000
-40.000 -18.000 48.000
46.000 -24.000 60.000
46.000 28.000 26.000
-50.000 -54.000 4.000
20.000 -90.000 -14.000
26.000 -2.000 62.000
-30.000 22.000 4.000
-26.000 -36.000 78.000
-22.000 38.000 36.000
-48.000 24.000 10.000
12.000 -52.000 66.000
-16.000 -60.000 -32.000
12.000 16.000 12.000
28.000 18.000 4.000
52.000 8.000 42.000
-48.000 -46.000 -22.000
-2.000 34.000 18.000
0.000 -2.000 66.000
48.000 -12.000 22.000
12.000 22.000 38.000
26.000 44.000 -8.000
46.000 -62.000 62.000
16.000 -38.000 -4.000
22.000 -36.000 -18.000
-18.000 -68.000 72.000
-48.000 -20.000 -18.000
-42.000 0.000 2.000
30.000 -28.000 76.000
-42.000 48.000 8.000
52.000 -30.000 42.000
16.000 -22.000 84.000
56.000 16.000 10.000
-10.000 -36.000 18.000
-30.000 -50.000 56.000
-20.000 -84.000 -32.000
36.000 -62.000 68.000
62.000 -18.000 -22.000
-56.000 -2.000 12.000
-6.000 -90.000 44.000
52.000 -54.000 2.000
34.000 -70.000 -12.000
-54.000 0.000 40.000
-16.000 -64.000 40.000
12.000 -100.000 18.000
22.000 -58.000 -22.000
22.000 -10.000 78.000
-14.000 -28.000 8.000
-24.000 6.000 66.000
12.000 -86.000 20.000
-2.000 -54.000 38.000
14.000 44.000 54.000
32.000 -96.000 14.000
-8.000 -78.000 28.000
60.000 -4.000 46.000
4.000 -44.000 -8.000
56.000 -18.000 30.000
-60.000 -22.000 24.000
26.000 -70.000 48.000
-38.000 -66.000 54.000
-42.000 2.000 -22.000
-36.000 -12.000 20.000
-48.000 -44.000 16.000
42.000 14.000 18.000
-2.000 18.000 -10.000
42.000 -10.000 70.000
18.000 20.000 -16.000
44.000 24.000 -8.000
44.000 -58.000 38.000
30.000 -92.000 26.000
28.000 -50.000 78.000
-38.000 -62.000 28.000
-8.000 -62.000 28.000
20.000 48.000 10.000
68.000 -24.000 8.000
54.000 -70.000 2.000
54.000 -68.000 36.000
34.000 8.000 -22.000
48.000 34.000 40.000
48.000 -46.000 64.000
52.000 46.000 12.000
40.000 -8.000 -32.000
-28.000 -96.000 2.000
-12.000 -68.000 -40.000
-2.000 -62.000 6.000
10.000 -88.000 40.000
12.000 -40.000 48.000
-10.000 18.000 50.000
42.000 -44.000 -32.000
26.000 0.000 12.000
40.000 -24.000 12.000
-56.000 -38.000 38.000
8.000 -58.000 0.000
12.000 -52.000 22.000
-16.000 -50.000 72.000
58.000 -54.000 -24.000
44.000 -82.000 -14.000
24.000 14.000 68.000
-22.000 -46.000 4.000
-36.000 -82.000 30.000
-2.000 48.000 -2.000
-48.000 18.000 -6.000
-48.000 12.000 46.000
14.000 42.000 44.000
-32.000 -82.000 -28.000
68.000 -10.000 0.000
6.000 -62.000 -12.000
-48.000 -68.000 28.000
-24.000 -20.000 -12.000
58.000 -62.000 22.000
42.000 -24.000 -2.000
-34.000 -18.000 70.000
46.000 -6.000 46.000
50.000 40.000 24.000
2.000 -88.000 -4.000
16.000 -72.000 66.000
30.000 -80.000 54.000
42.000 48.000 30.000
-36.000 -74.000 -38.000
12.000 -14.000 58.000
14.000 64.000 2.000
2.000 10.000 74.000
-18.000 -24.000 84.000
-52.000 -56.000 40.000
-10.000 -20.000 60.000
-32.000 24.000 38.000
28.000 -42.000 -40.000
10.000 62.000 28.000
-44.000 -68.000 -14.000
8.000 -76.000 -22.000
-18.000 28.000 62.000
-44.000 24.000 20.000
-26.000 -72.000 -4.000
0.000 -40.000 66.000
-24.000 -70.000 -26.000
-54.000 20.000 22.000
-36.000 -54.000 -46.000
-62.000 -16.000 -4.000
-4.000 42.000 54.000
42.000 16.000 46.000
4.000 -64.000 72.000
66.000 -4.000 -12.000
-2.000 -94.000 20.000
-40.000 -44.000 -36.000
-22.000 -46.000 -10.000
6.000 -14.000 12.000
56.000 -10.000 14.000
-32.000 2.000 20.000
0.000 -58.000 -42.000
-30.000 -82.000 0.000
6.000 -30.000 42.000
-2.000 60.000 16.000
42.000 -60.000 54.000
14.000 -36.000 6.000
28.000 -60.000 -48.000
18.000 -18.000 22.000
-40.000 0.000 46.000
-10.000 38.000 -14.000
8.000 20.000 2.000
-64.000 -38.000 12.000
32.000 -32.000 -24.000
-22.000 -72.000 62.000
-40.000 22.000 -2.000
-18.000 8.000 2.000
22.000 28.000 48.000
18.000 14.000 54.000
-6.000 38.000 30.000
62.000 0.000 34.000
22.000 64.000 12.000
-16.000 -54.000 82.000
64.000 -26.000 52.000
-48.000 34.000 2.000
-28.000 50.000 34.000
60.000 26.000 28.000
-62.000 -28.000 -6.000
34.000 18.000 -6.000
52.000 -42.000 36.000
24.000 -6.000 -6.000
0.000 -20.000 84.000
-20.000 -4.000 78.000
-4.000 -50.000 24.000
-12.000 62.000 28.000
4.000 -14.000 70.000
-36.000 -24.000 56.000
28.000 -90.000 -8.000
-8.000 -80.000 -30.000
54.000 -30.000 18.000
-46.000 -76.000 4.000
6.000 -76.000 38.000
-36.000 -60.000 -14.000
40.000 48.000 -4.000
-46.000 -64.000 12.000
68.000 -20.000 -12.000
68.000 -48.000 -2.000
32.000 -64.000 14.000
38.000 -80.000 -34.000
-38.000 -28.000 -8.000
-4.000 -94.000 30.000
56.000 -42.000 -4.000
30.000 -80.000 -4.000
-8.000 -78.000 -14.000
-24.000 -74.000 36.000
34.000 -54.000 -8.000
-56.000 -60.000 -8.000
12.000 -98.000 4.000
0.000 56.000 42.000
60.000 -56.000 44.000
20.000 -76.000 -40.000
-32.000 46.000 10.000
62.000 -52.000 32.000
48.000 -64.000 -42.000
18.000 6.000 74.000
38.000 -46.000 54.000
-10.000 12.000 56.000
-14.000 -46.000 -42.000
24.000 -60.000 68.000
-20.000 16.000 62.000
62.000 8.000 10.000
6.000 -78.000 14.000
0.000 -56.000 52.000
20.000 34.000 60.000
28.000 -68.000 -28.000
34.000 -94.000 2.000
-10.000 -38.000 -10.000
64.000 -26.000 38.000
-60.000 -26.000 14.000
46.000 18.000 -30.000
-28.000 10.000 -20.000
-44.000 -20.000 26.000
-58.000 -54.000 16.000
6.000 -38.000 80.000
38.000 -76.000 0.000
-2.000 -68.000 -22.000
-16.000 -2.000 -20.000
-44.000 26.000 38.000
-58.000 -24.000 46.000
-12.000 22.000 -14.000
-34.000 -44.000 66.000
26.000 6.000 -2.000
-36.000 36.000 20.000
-28.000 -82.000 48.000
42.000 -22.000 72.000
14.000 36.000 -14.000
50.000 16.000 -4.000
38.000 -46.000 -46.000
24.000 52.000 44.000
-48.000 -48.000 60.000
0.000 -68.000 30.000
-38.000 -56.000 40.000
-28.000 -58.000 72.000
-50.000 -12.000 40.000
48.000 -12.000 58.000
