0.000 0.233 0.384 0.658 0.329 0.712 0.479 0.575 0.219 0.808 0.575 0.658 0.493 0.397 0.671 0.603 0.164 0.178 0.027 0.685 0.110 0.041 0.096 0.356 0.342 0.178 0.055 0.082 0.123 0.137 0.479 0.370 0.356 0.205 0.397 0.219 0.247 0.055 0.534 0.068 0.219 0.274 0.274 0.438 0.356 0.397 0.274 0.342 0.562 0.507 0.479 0.192 0.452 0.329 0.384 0.452 0.479 0.096 0.192 0.027 0.055 0.110 0.068 0.055 0.068 0.041 0.164 0.055 0.123 0.247 0.123 0.151 0.137
0.233 0.000 0.562 0.260 0.507 0.164 0.479 0.370 0.836 0.178 0.260 0.151 0.479 0.562 0.233 0.301 0.370 0.082 0.096 0.219 0.274 0.123 0.096 0.425 0.493 0.301 0.082 0.192 0.096 0.068 0.096 0.425 0.589 0.205 0.562 0.260 0.849 0.055 0.507 0.068 0.863 0.082 0.753 0.603 0.438 0.562 0.740 0.548 0.411 0.425 0.479 0.740 0.548 0.630 0.534 0.493 0.438 0.219 0.411 0.068 0.192 0.096 0.055 0.055 0.082 0.082 0.137 0.068 0.055 0.123 0.082 0.288 0.192
0.384 0.562 0.000 0.534 0.795 0.233 0.630 0.603 0.521 0.274 0.521 0.205 0.603 0.507 0.479 0.534 0.301 0.164 0.137 0.205 0.260 0.233 0.123 0.301 0.274 0.260 0.137 0.164 0.178 0.068 0.137 0.233 0.274 0.205 0.315 0.260 0.521 0.151 0.644 0.110 0.534 0.123 0.466 0.356 0.493 0.685 0.466 0.562 0.589 0.603 0.521 0.466 0.658 0.616 0.466 0.630 0.370 0.178 0.288 0.164 0.164 0.110 0.110 0.110 0.110 0.096 0.137 0.123 0.082 0.096 0.096 0.151 0.178
0.658 0.260 0.534 0.000 0.562 0.466 0.671 0.781 0.329 0.493 0.726 0.425 0.630 0.466 0.699 0.795 0.205 0.164 0.055 0.411 0.205 0.110 0.055 0.260 0.205 0.260 0.096 0.110 0.123 0.096 0.329 0.178 0.233 0.288 0.260 0.151 0.274 0.068 0.712 0.068 0.329 0.205 0.260 0.384 0.479 0.630 0.342 0.425 0.822 0.753 0.630 0.178 0.616 0.507 0.425 0.644 0.452 0.123 0.192 0.055 0.068 0.041 0.055 0.055 0.055 0.041 0.068 0.055 0.096 0.178 0.055 0.096 0.082
0.329 0.507 0.795 0.562 0.000 0.205 0.644 0.616 0.493 0.219 0.548 0.192 0.575 0.479 0.493 0.589 0.247 0.233 0.164 0.178 0.315 0.233 0.123 0.274 0.219 0.274 0.192 0.219 0.233 0.082 0.123 0.178 0.233 0.260 0.274 0.178 0.493 0.178 0.644 0.123 0.521 0.137 0.411 0.288 0.507 0.699 0.452 0.603 0.644 0.658 0.548 0.397 0.644 0.589 0.466 0.616 0.342 0.178 0.274 0.192 0.233 0.110 0.123 0.123 0.123 0.110 0.151 0.151 0.123 0.082 0.068 0.123 0.151
0.712 0.164 0.233 0.466 0.205 0.000 0.315 0.384 0.137 0.781 0.384 0.890 0.329 0.315 0.466 0.397 0.178 0.274 0.151 0.781 0.123 0.192 0.233 0.411 0.411 0.151 0.178 0.151 0.247 0.274 0.575 0.411 0.356 0.178 0.342 0.260 0.192 0.178 0.329 0.205 0.137 0.370 0.260 0.411 0.288 0.233 0.219 0.219 0.329 0.274 0.274 0.192 0.274 0.178 0.301 0.260 0.356 0.164 0.164 0.164 0.192 0.233 0.192 0.192 0.205 0.164 0.260 0.178 0.274 0.370 0.219 0.219 0.164
0.479 0.479 0.630 0.671 0.644 0.315 0.000 0.767 0.466 0.370 0.658 0.247 0.753 0.644 0.603 0.712 0.137 0.110 0.096 0.247 0.274 0.151 0.041 0.288 0.192 0.315 0.123 0.164 0.082 0.055 0.205 0.151 0.205 0.288 0.274 0.247 0.438 0.068 0.863 0.027 0.493 0.123 0.342 0.438 0.589 0.781 0.452 0.575 0.781 0.781 0.699 0.342 0.767 0.616 0.493 0.740 0.479 0.110 0.192 0.068 0.068 0.041 0.055 0.027 0.027 0.027 0.096 0.068 0.055 0.068 0.055 0.096 0.110
0.575 0.370 0.603 0.781 0.616 0.384 0.767 0.000 0.370 0.438 0.808 0.370 0.699 0.534 0.712 0.904 0.164 0.110 0.055 0.356 0.205 0.110 0.027 0.274 0.178 0.288 0.082 0.096 0.082 0.055 0.274 0.123 0.164 0.288 0.219 0.233 0.384 0.055 0.836 0.027 0.397 0.137 0.288 0.438 0.575 0.644 0.411 0.507 0.836 0.836 0.726 0.219 0.658 0.507 0.534 0.740 0.493 0.082 0.137 0.041 0.068 0.041 0.014 0.014 0.000 0.000 0.041 0.041 0.055 0.123 0.055 0.055 0.123
0.219 0.836 0.521 0.329 0.493 0.137 0.466 0.370 0.000 0.137 0.274 0.123 0.466 0.507 0.205 0.315 0.342 0.041 0.041 0.164 0.233 0.055 0.068 0.384 0.397 0.260 0.068 0.110 0.041 0.055 0.096 0.384 0.589 0.178 0.589 0.260 0.877 0.000 0.507 0.027 0.973 0.082 0.699 0.575 0.452 0.630 0.808 0.589 0.452 0.479 0.521 0.726 0.603 0.726 0.589 0.548 0.411 0.233 0.425 0.014 0.164 0.068 0.027 0.000 0.027 0.055 0.137 0.027 0.041 0.110 0.096 0.288 0.164
0.808 0.178 0.274 0.493 0.219 0.781 0.370 0.438 0.137 0.000 0.438 0.795 0.411 0.356 0.548 0.452 0.178 0.233 0.123 0.767 0.096 0.110 0.178 0.397 0.342 0.123 0.137 0.123 0.192 0.178 0.562 0.425 0.356 0.164 0.329 0.219 0.164 0.137 0.384 0.123 0.137 0.370 0.247 0.452 0.288 0.260 0.178 0.260 0.384 0.342 0.329 0.164 0.329 0.219 0.301 0.315 0.356 0.123 0.164 0.123 0.164 0.178 0.123 0.110 0.123 0.096 0.164 0.151 0.178 0.274 0.192 0.205 0.178
0.575 0.260 0.521 0.726 0.548 0.384 0.658 0.808 0.274 0.438 0.000 0.384 0.603 0.452 0.863 0.849 0.082 0.137 0.068 0.370 0.164 0.123 0.055 0.192 0.137 0.233 0.096 0.082 0.123 0.096 0.329 0.082 0.123 0.288 0.137 0.219 0.247 0.096 0.658 0.041 0.260 0.178 0.247 0.370 0.548 0.534 0.260 0.466 0.712 0.699 0.630 0.178 0.630 0.425 0.466 0.671 0.425 0.082 0.082 0.068 0.110 0.068 0.041 0.055 0.027 0.027 0.082 0.096 0.082 0.110 0.068 0.041 0.137
0.658 0.151 0.205 0.425 0.192 0.890 0.247 0.370 0.123 0.795 0.384 0.000 0.301 0.274 0.452 0.384 0.219 0.274 0.164 0.767 0.110 0.192 0.260 0.425 0.397 0.137 0.164 0.137 0.247 0.274 0.534 0.425 0.370 0.164 0.342 0.233 0.178 0.205 0.301 0.205 0.123 0.356 0.260 0.397 0.233 0.178 0.219 0.164 0.288 0.260 0.274 0.192 0.233 0.151 0.274 0.219 0.315 0.137 0.205 0.192 0.205 0.260 0.205 0.192 0.205 0.164 0.274 0.205 0.274 0.384 0.247 0.260 0.178
0.493 0.479 0.603 0.630 0.575 0.329 0.753 0.699 0.466 0.411 0.603 0.301 0.000 0.753 0.548 0.658 0.219 0.151 0.041 0.301 0.274 0.096 0.055 0.274 0.274 0.301 0.068 0.137 0.123 0.082 0.247 0.178 0.288 0.247 0.315 0.260 0.466 0.027 0.740 0.041 0.493 0.151 0.466 0.575 0.548 0.671 0.479 0.562 0.740 0.712 0.685 0.411 0.726 0.671 0.603 0.658 0.466 0.110 0.247 0.027 0.082 0.055 0.055 0.027 0.027 0.027 0.137 0.041 0.068 0.110 0.055 0.178 0.151
0.397 0.562 0.507 0.466 0.479 0.315 0.644 0.534 0.507 0.356 0.452 0.274 0.753 0.000 0.425 0.479 0.219 0.151 0.055 0.315 0.315 0.123 0.068 0.411 0.370 0.329 0.082 0.178 0.164 0.068 0.219 0.288 0.397 0.260 0.370 0.329 0.521 0.027 0.616 0.082 0.534 0.123 0.521 0.562 0.425 0.603 0.534 0.534 0.562 0.562 0.575 0.452 0.603 0.630 0.521 0.575 0.548 0.123 0.233 0.055 0.110 0.055 0.082 0.055 0.055 0.068 0.123 0.055 0.096 0.137 0.082 0.178 0.192
0.671 0.233 0.479 0.699 0.493 0.466 0.603 0.712 0.205 0.548 0.863 0.452 0.548 0.425 0.000 0.781 0.110 0.164 0.082 0.493 0.137 0.123 0.082 0.260 0.219 0.205 0.110 0.082 0.164 0.082 0.411 0.151 0.192 0.247 0.178 0.178 0.192 0.110 0.603 0.041 0.192 0.192 0.205 0.342 0.466 0.452 0.233 0.425 0.616 0.603 0.548 0.137 0.548 0.342 0.425 0.575 0.425 0.068 0.096 0.082 0.123 0.082 0.055 0.055 0.055 0.041 0.082 0.110 0.096 0.110 0.096 0.041 0.110
0.603 0.301 0.534 0.795 0.589 0.397 0.712 0.904 0.315 0.452 0.849 0.384 0.658 0.479 0.781 0.000 0.110 0.123 0.041 0.370 0.164 0.096 0.027 0.233 0.137 0.247 0.055 0.096 0.082 0.055 0.288 0.110 0.151 0.260 0.205 0.219 0.315 0.041 0.753 0.027 0.342 0.151 0.219 0.411 0.575 0.589 0.342 0.534 0.781 0.795 0.699 0.164 0.658 0.479 0.534 0.699 0.479 0.055 0.096 0.027 0.068 0.041 0.014 0.014 0.000 0.000 0.055 0.041 0.055 0.151 0.068 0.055 0.123
0.164 0.370 0.301 0.205 0.247 0.178 0.137 0.164 0.342 0.178 0.082 0.219 0.219 0.219 0.110 0.110 0.000 0.397 0.411 0.219 0.397 0.411 0.452 0.192 0.260 0.397 0.397 0.411 0.384 0.384 0.315 0.301 0.288 0.342 0.233 0.274 0.342 0.452 0.178 0.479 0.329 0.425 0.438 0.384 0.178 0.205 0.288 0.178 0.178 0.164 0.164 0.493 0.164 0.205 0.260 0.233 0.205 0.479 0.740 0.438 0.479 0.425 0.438 0.438 0.479 0.493 0.384 0.411 0.411 0.425 0.397 0.438 0.411
0.178 0.082 0.164 0.164 0.233 0.274 0.110 0.110 0.041 0.233 0.137 0.274 0.151 0.151 0.164 0.123 0.397 0.000 0.699 0.205 0.384 0.685 0.740 0.205 0.233 0.329 0.616 0.644 0.822 0.685 0.384 0.274 0.123 0.438 0.137 0.452 0.055 0.753 0.110 0.753 0.041 0.534 0.068 0.068 0.110 0.082 0.055 0.137 0.123 0.123 0.123 0.123 0.082 0.110 0.164 0.068 0.110 0.466 0.370 0.699 0.562 0.616 0.753 0.781 0.726 0.740 0.548 0.699 0.753 0.589 0.616 0.507 0.548
0.027 0.096 0.137 0.055 0.164 0.151 0.096 0.055 0.041 0.123 0.068 0.164 0.041 0.055 0.082 0.041 0.411 0.699 0.000 0.164 0.507 0.781 0.726 0.205 0.178 0.411 0.890 0.781 0.685 0.712 0.356 0.274 0.068 0.521 0.082 0.397 0.082 0.890 0.041 0.795 0.041 0.562 0.110 0.041 0.123 0.068 0.068 0.055 0.027 0.041 0.055 0.164 0.041 0.041 0.082 0.068 0.137 0.534 0.384 0.918 0.685 0.671 0.781 0.836 0.753 0.808 0.548 0.918 0.767 0.562 0.671 0.452 0.521
0.685 0.219 0.205 0.411 0.178 0.781 0.247 0.356 0.164 0.767 0.370 0.767 0.301 0.315 0.493 0.370 0.219 0.205 0.164 0.000 0.096 0.151 0.247 0.411 0.411 0.137 0.205 0.137 0.219 0.247 0.616 0.466 0.370 0.178 0.342 0.233 0.192 0.205 0.301 0.192 0.164 0.425 0.288 0.425 0.260 0.164 0.260 0.164 0.301 0.274 0.274 0.205 0.233 0.151 0.274 0.260 0.342 0.164 0.219 0.205 0.192 0.260 0.192 0.178 0.205 0.164 0.205 0.219 0.247 0.342 0.247 0.247 0.192
0.110 0.274 0.260 0.205 0.315 0.123 0.274 0.205 0.233 0.096 0.164 0.110 0.274 0.315 0.137 0.164 0.397 0.384 0.507 0.096 0.000 0.452 0.356 0.192 0.192 0.877 0.562 0.603 0.438 0.384 0.247 0.233 0.205 0.726 0.274 0.397 0.301 0.425 0.205 0.438 0.260 0.370 0.260 0.205 0.247 0.370 0.274 0.315 0.260 0.247 0.288 0.274 0.260 0.329 0.233 0.274 0.342 0.384 0.356 0.452 0.603 0.329 0.411 0.425 0.438 0.493 0.370 0.466 0.370 0.329 0.356 0.370 0.397
0.041 0.123 0.233 0.110 0.233 0.192 0.151 0.110 0.055 0.110 0.123 0.192 0.096 0.123 0.123 0.096 0.411 0.685 0.781 0.151 0.452 0.000 0.671 0.219 0.178 0.411 0.726 0.726 0.685 0.671 0.274 0.205 0.055 0.507 0.041 0.452 0.068 0.795 0.123 0.753 0.055 0.493 0.123 0.068 0.164 0.096 0.055 0.110 0.082 0.096 0.082 0.192 0.096 0.068 0.096 0.096 0.096 0.589 0.329 0.822 0.671 0.658 0.740 0.795 0.753 0.753 0.521 0.781 0.726 0.507 0.630 0.452 0.521
0.096 0.096 0.123 0.055 0.123 0.233 0.041 0.027 0.068 0.178 0.055 0.260 0.055 0.068 0.082 0.027 0.452 0.740 0.726 0.247 0.356 0.671 0.000 0.247 0.260 0.301 0.644 0.644 0.685 0.836 0.438 0.342 0.151 0.411 0.110 0.521 0.082 0.808 0.041 0.836 0.055 0.575 0.137 0.082 0.110 0.014 0.068 0.082 0.000 0.000 0.055 0.205 0.027 0.041 0.123 0.055 0.041 0.534 0.411 0.781 0.589 0.808 0.918 0.863 0.849 0.822 0.671 0.781 0.863 0.658 0.795 0.589 0.562
0.356 0.425 0.301 0.260 0.274 0.411 0.288 0.274 0.384 0.397 0.192 0.425 0.274 0.411 0.260 0.233 0.192 0.205 0.205 0.411 0.192 0.219 0.247 0.000 0.753 0.178 0.192 0.192 0.233 0.260 0.329 0.671 0.589 0.096 0.534 0.329 0.438 0.192 0.342 0.233 0.411 0.260 0.438 0.384 0.301 0.315 0.493 0.315 0.260 0.288 0.274 0.370 0.288 0.384 0.260 0.219 0.438 0.247 0.260 0.192 0.233 0.260 0.219 0.205 0.260 0.219 0.233 0.192 0.260 0.260 0.260 0.301 0.260
0.342 0.493 0.274 0.205 0.219 0.411 0.192 0.178 0.397 0.342 0.137 0.397 0.274 0.370 0.219 0.137 0.260 0.233 0.178 0.411 0.192 0.178 0.260 0.753 0.000 0.164 0.137 0.137 0.260 0.233 0.274 0.671 0.685 0.082 0.589 0.315 0.438 0.164 0.233 0.233 0.411 0.192 0.507 0.425 0.247 0.247 0.479 0.247 0.247 0.205 0.247 0.452 0.247 0.356 0.301 0.192 0.370 0.315 0.315 0.164 0.205 0.274 0.219 0.205 0.260 0.219 0.301 0.151 0.247 0.274 0.233 0.329 0.329
0.178 0.301 0.260 0.260 0.274 0.151 0.315 0.288 0.260 0.123 0.233 0.137 0.301 0.329 0.205 0.247 0.397 0.329 0.411 0.137 0.877 0.411 0.301 0.178 0.164 0.000 0.466 0.548 0.370 0.315 0.260 0.205 0.219 0.740 0.274 0.370 0.342 0.356 0.274 0.370 0.288 0.329 0.260 0.247 0.288 0.397 0.301 0.356 0.329 0.315 0.370 0.274 0.288 0.370 0.219 0.329 0.452 0.342 0.370 0.370 0.493 0.288 0.342 0.356 0.356 0.397 0.315 0.370 0.301 0.301 0.315 0.356 0.342
0.055 0.082 0.137 0.096 0.192 0.178 0.123 0.082 0.068 0.137 0.096 0.164 0.068 0.082 0.110 0.055 0.397 0.616 0.890 0.205 0.562 0.726 0.644 0.192 0.137 0.466 0.000 0.753 0.644 0.658 0.397 0.219 0.055 0.548 0.082 0.370 0.096 0.808 0.068 0.712 0.055 0.575 0.110 0.068 0.164 0.110 0.068 0.068 0.055 0.055 0.055 0.137 0.096 0.055 0.110 0.096 0.123 0.479 0.356 0.836 0.712 0.603 0.699 0.753 0.671 0.726 0.493 0.863 0.699 0.507 0.644 0.411 0.466
0.082 0.192 0.164 0.110 0.219 0.151 0.164 0.096 0.110 0.123 0.082 0.137 0.137 0.178 0.082 0.096 0.411 0.644 0.781 0.137 0.603 0.726 0.644 0.192 0.137 0.548 0.753 0.000 0.630 0.671 0.315 0.192 0.137 0.616 0.123 0.384 0.151 0.712 0.096 0.726 0.137 0.507 0.137 0.110 0.178 0.178 0.137 0.151 0.110 0.110 0.151 0.178 0.151 0.151 0.151 0.096 0.178 0.479 0.342 0.740 0.685 0.575 0.712 0.753 0.671 0.712 0.466 0.767 0.685 0.493 0.630 0.479 0.438
0.123 0.096 0.178 0.123 0.233 0.247 0.082 0.082 0.041 0.192 0.123 0.247 0.123 0.164 0.164 0.082 0.384 0.822 0.685 0.219 0.438 0.685 0.685 0.233 0.260 0.370 0.644 0.630 0.000 0.644 0.370 0.288 0.137 0.411 0.164 0.466 0.082 0.712 0.068 0.712 0.027 0.466 0.110 0.068 0.055 0.068 0.068 0.110 0.068 0.068 0.055 0.123 0.068 0.068 0.123 0.068 0.123 0.466 0.342 0.712 0.589 0.603 0.712 0.740 0.726 0.726 0.521 0.726 0.699 0.521 0.589 0.521 0.521
0.137 0.068 0.068 0.096 0.082 0.274 0.055 0.055 0.055 0.178 0.096 0.274 0.082 0.068 0.082 0.055 0.384 0.685 0.712 0.247 0.384 0.671 0.836 0.260 0.233 0.315 0.658 0.671 0.644 0.000 0.452 0.329 0.164 0.479 0.151 0.493 0.068 0.808 0.055 0.863 0.027 0.616 0.123 0.068 0.137 0.014 0.055 0.041 0.041 0.027 0.068 0.192 0.041 0.041 0.137 0.055 0.055 0.575 0.356 0.767 0.575 0.808 0.863 0.863 0.849 0.808 0.726 0.795 0.918 0.699 0.836 0.644 0.630
0.479 0.096 0.137 0.329 0.123 0.575 0.205 0.274 0.096 0.562 0.329 0.534 0.247 0.219 0.411 0.288 0.315 0.384 0.356 0.616 0.247 0.274 0.438 0.329 0.274 0.260 0.397 0.315 0.370 0.452 0.000 0.342 0.233 0.301 0.192 0.288 0.110 0.384 0.233 0.397 0.068 0.740 0.192 0.288 0.288 0.123 0.110 0.192 0.260 0.219 0.219 0.151 0.151 0.082 0.219 0.274 0.315 0.219 0.274 0.356 0.342 0.356 0.384 0.370 0.356 0.356 0.329 0.370 0.425 0.493 0.438 0.342 0.233
0.370 0.425 0.233 0.178 0.178 0.411 0.151 0.123 0.384 0.425 0.082 0.425 0.178 0.288 0.151 0.110 0.301 0.274 0.274 0.466 0.233 0.205 0.342 0.671 0.671 0.205 0.219 0.192 0.288 0.329 0.342 0.000 0.685 0.151 0.671 0.342 0.411 0.274 0.178 0.315 0.384 0.288 0.411 0.315 0.192 0.205 0.452 0.288 0.192 0.178 0.247 0.397 0.178 0.288 0.233 0.205 0.329 0.301 0.356 0.274 0.301 0.384 0.301 0.288 0.329 0.288 0.384 0.288 0.356 0.329 0.384 0.438 0.315
0.356 0.589 0.274 0.233 0.233 0.356 0.205 0.164 0.589 0.356 0.123 0.370 0.288 0.397 0.192 0.151 0.288 0.123 0.068 0.370 0.205 0.055 0.151 0.589 0.685 0.219 0.055 0.137 0.137 0.164 0.233 0.685 0.000 0.137 0.795 0.260 0.589 0.068 0.233 0.110 0.589 0.151 0.548 0.466 0.288 0.329 0.644 0.384 0.260 0.260 0.315 0.548 0.288 0.466 0.315 0.247 0.397 0.233 0.315 0.041 0.178 0.192 0.082 0.082 0.123 0.110 0.247 0.082 0.137 0.205 0.205 0.370 0.233
0.205 0.205 0.205 0.288 0.260 0.178 0.288 0.288 0.178 0.164 0.288 0.164 0.247 0.260 0.247 0.260 0.342 0.438 0.521 0.178 0.726 0.507 0.411 0.096 0.082 0.740 0.548 0.616 0.411 0.479 0.301 0.151 0.137 0.000 0.219 0.397 0.233 0.521 0.260 0.493 0.192 0.438 0.164 0.178 0.274 0.342 0.233 0.288 0.301 0.301 0.356 0.192 0.247 0.301 0.247 0.329 0.356 0.397 0.274 0.507 0.521 0.411 0.466 0.521 0.452 0.493 0.356 0.534 0.466 0.411 0.438 0.370 0.397
0.397 0.562 0.315 0.260 0.274 0.342 0.274 0.219 0.589 0.329 0.137 0.342 0.315 0.370 0.178 0.205 0.233 0.137 0.082 0.342 0.274 0.041 0.110 0.534 0.589 0.274 0.082 0.123 0.164 0.151 0.192 0.671 0.795 0.219 0.000 0.301 0.630 0.068 0.301 0.110 0.589 0.137 0.479 0.438 0.274 0.384 0.699 0.397 0.301 0.288 0.356 0.466 0.329 0.493 0.397 0.315 0.479 0.205 0.315 0.055 0.164 0.151 0.082 0.096 0.110 0.110 0.260 0.096 0.123 0.205 0.192 0.342 0.247
0.219 0.260 0.260 0.151 0.178 0.260 0.247 0.233 0.260 0.219 0.219 0.233 0.260 0.329 0.178 0.219 0.274 0.452 0.397 0.233 0.397 0.452 0.521 0.329 0.315 0.370 0.370 0.384 0.466 0.493 0.288 0.342 0.260 0.397 0.301 0.000 0.301 0.466 0.233 0.534 0.247 0.384 0.205 0.260 0.205 0.205 0.247 0.301 0.192 0.219 0.315 0.219 0.247 0.274 0.329 0.260 0.260 0.466 0.247 0.452 0.329 0.493 0.521 0.493 0.493 0.493 0.493 0.425 0.548 0.466 0.521 0.342 0.616
0.247 0.849 0.521 0.274 0.493 0.192 0.438 0.384 0.877 0.164 0.247 0.178 0.466 0.521 0.192 0.315 0.342 0.055 0.082 0.192 0.301 0.068 0.082 0.438 0.438 0.342 0.096 0.151 0.082 0.068 0.110 0.411 0.589 0.233 0.630 0.301 0.000 0.041 0.493 0.055 0.904 0.068 0.753 0.575 0.438 0.603 0.795 0.603 0.411 0.438 0.507 0.726 0.548 0.712 0.534 0.479 0.493 0.233 0.384 0.055 0.164 0.082 0.041 0.041 0.068 0.082 0.164 0.055 0.041 0.096 0.096 0.274 0.192
0.055 0.055 0.151 0.068 0.178 0.178 0.068 0.055 0.000 0.137 0.096 0.205 0.027 0.027 0.110 0.041 0.452 0.753 0.890 0.205 0.425 0.795 0.808 0.192 0.164 0.356 0.808 0.712 0.712 0.808 0.384 0.274 0.068 0.521 0.068 0.466 0.041 0.000 0.055 0.890 0.000 0.603 0.082 0.041 0.110 0.041 0.027 0.041 0.027 0.041 0.055 0.137 0.027 0.027 0.068 0.055 0.068 0.603 0.370 0.945 0.658 0.767 0.877 0.932 0.849 0.863 0.603 0.918 0.849 0.603 0.753 0.507 0.589
0.534 0.507 0.644 0.712 0.644 0.329 0.863 0.836 0.507 0.384 0.658 0.301 0.740 0.616 0.603 0.753 0.178 0.110 0.041 0.301 0.205 0.123 0.041 0.342 0.233 0.274 0.068 0.096 0.068 0.055 0.233 0.178 0.233 0.260 0.301 0.233 0.493 0.055 0.000 0.027 0.534 0.110 0.411 0.521 0.548 0.753 0.493 0.562 0.781 0.808 0.726 0.342 0.767 0.616 0.562 0.726 0.507 0.096 0.192 0.055 0.027 0.055 0.041 0.014 0.014 0.000 0.082 0.014 0.055 0.110 0.055 0.110 0.110
0.068 0.068 0.110 0.068 0.123 0.205 0.027 0.027 0.027 0.123 0.041 0.205 0.041 0.082 0.041 0.027 0.479 0.753 0.795 0.192 0.438 0.753 0.836 0.233 0.233 0.370 0.712 0.726 0.712 0.863 0.397 0.315 0.110 0.493 0.110 0.534 0.055 0.890 0.027 0.000 0.014 0.630 0.096 0.041 0.068 0.014 0.027 0.041 0.027 0.014 0.041 0.164 0.014 0.027 0.110 0.027 0.082 0.644 0.411 0.849 0.671 0.808 0.918 0.945 0.904 0.918 0.699 0.849 0.890 0.699 0.795 0.589 0.658
0.219 0.863 0.534 0.329 0.521 0.137 0.493 0.397 0.973 0.137 0.260 0.123 0.493 0.534 0.192 0.342 0.329 0.041 0.041 0.164 0.260 0.055 0.055 0.411 0.411 0.288 0.055 0.137 0.027 0.027 0.068 0.384 0.589 0.192 0.589 0.247 0.904 0.000 0.534 0.014 0.000 0.055 0.726 0.603 0.479 0.658 0.836 0.616 0.479 0.507 0.548 0.726 0.603 0.753 0.589 0.521 0.438 0.219 0.397 0.014 0.151 0.055 0.014 0.000 0.014 0.041 0.123 0.014 0.014 0.096 0.068 0.260 0.151
0.274 0.082 0.123 0.205 0.137 0.370 0.123 0.137 0.082 0.370 0.178 0.356 0.151 0.123 0.192 0.151 0.425 0.534 0.562 0.425 0.370 0.493 0.575 0.260 0.192 0.329 0.575 0.507 0.466 0.616 0.740 0.288 0.151 0.438 0.137 0.384 0.068 0.603 0.110 0.630 0.055 0.000 0.164 0.205 0.178 0.082 0.068 0.110 0.151 0.123 0.110 0.178 0.055 0.055 0.151 0.137 0.192 0.342 0.384 0.575 0.507 0.521 0.562 0.589 0.534 0.562 0.438 0.589 0.589 0.671 0.603 0.452 0.397
0.274 0.753 0.466 0.260 0.411 0.260 0.342 0.288 0.699 0.247 0.247 0.260 0.466 0.521 0.205 0.219 0.438 0.068 0.110 0.288 0.260 0.123 0.137 0.438 0.507 0.260 0.110 0.137 0.110 0.123 0.192 0.411 0.548 0.164 0.479 0.205 0.753 0.082 0.411 0.096 0.726 0.164 0.000 0.644 0.356 0.493 0.630 0.438 0.329 0.329 0.356 0.863 0.438 0.575 0.425 0.356 0.397 0.233 0.479 0.110 0.192 0.151 0.082 0.082 0.123 0.123 0.205 0.110 0.096 0.178 0.123 0.274 0.247
0.438 0.603 0.356 0.384 0.288 0.411 0.438 0.438 0.575 0.452 0.370 0.397 0.575 0.562 0.342 0.411 0.384 0.068 0.041 0.425 0.205 0.068 0.082 0.384 0.425 0.247 0.068 0.110 0.068 0.068 0.288 0.315 0.466 0.178 0.438 0.260 0.575 0.041 0.521 0.041 0.603 0.205 0.644 0.000 0.452 0.479 0.548 0.479 0.425 0.397 0.438 0.548 0.534 0.493 0.548 0.438 0.411 0.192 0.356 0.041 0.110 0.082 0.041 0.041 0.027 0.068 0.110 0.055 0.068 0.192 0.096 0.205 0.205
0.356 0.438 0.493 0.479 0.507 0.288 0.589 0.575 0.452 0.288 0.548 0.233 0.548 0.425 0.466 0.575 0.178 0.110 0.123 0.260 0.247 0.164 0.110 0.301 0.247 0.288 0.164 0.178 0.055 0.137 0.288 0.192 0.288 0.274 0.274 0.205 0.438 0.110 0.548 0.068 0.479 0.178 0.356 0.452 0.000 0.534 0.370 0.562 0.548 0.534 0.493 0.384 0.589 0.466 0.534 0.562 0.342 0.137 0.205 0.096 0.110 0.151 0.096 0.082 0.068 0.082 0.164 0.110 0.123 0.137 0.151 0.164 0.151
0.397 0.562 0.685 0.630 0.699 0.233 0.781 0.644 0.630 0.260 0.534 0.178 0.671 0.603 0.452 0.589 0.205 0.082 0.068 0.164 0.370 0.096 0.014 0.315 0.247 0.397 0.110 0.178 0.068 0.014 0.123 0.205 0.329 0.342 0.384 0.205 0.603 0.041 0.753 0.014 0.658 0.082 0.493 0.479 0.534 0.000 0.630 0.630 0.753 0.753 0.699 0.452 0.822 0.836 0.521 0.712 0.521 0.123 0.274 0.041 0.096 0.027 0.027 0.014 0.014 0.014 0.082 0.041 0.027 0.041 0.041 0.178 0.082
0.274 0.740 0.466 0.342 0.452 0.219 0.452 0.411 0.808 0.178 0.260 0.219 0.479 0.534 0.233 0.342 0.288 0.055 0.068 0.260 0.274 0.055 0.068 0.493 0.479 0.301 0.068 0.137 0.068 0.055 0.110 0.452 0.644 0.233 0.699 0.247 0.795 0.027 0.493 0.027 0.836 0.068 0.630 0.548 0.370 0.630 0.000 0.507 0.479 0.521 0.521 0.616 0.507 0.712 0.493 0.507 0.507 0.192 0.356 0.027 0.110 0.068 0.041 0.027 0.027 0.055 0.151 0.055 0.041 0.110 0.082 0.288 0.164
0.342 0.548 0.562 0.425 0.603 0.219 0.575 0.507 0.589 0.260 0.466 0.164 0.562 0.534 0.425 0.534 0.178 0.137 0.055 0.164 0.315 0.110 0.082 0.315 0.247 0.356 0.068 0.151 0.110 0.041 0.192 0.288 0.384 0.288 0.397 0.301 0.603 0.041 0.562 0.041 0.616 0.110 0.438 0.479 0.562 0.630 0.507 0.000 0.562 0.616 0.658 0.425 0.644 0.671 0.644 0.603 0.438 0.123 0.205 0.041 0.137 0.055 0.068 0.041 0.027 0.068 0.068 0.041 0.055 0.110 0.082 0.164 0.137
0.562 0.411 0.589 0.822 0.644 0.329 0.781 0.836 0.452 0.384 0.712 0.288 0.740 0.562 0.616 0.781 0.178 0.123 0.027 0.301 0.260 0.082 0.000 0.260 0.247 0.329 0.055 0.110 0.068 0.041 0.260 0.192 0.260 0.301 0.301 0.192 0.411 0.027 0.781 0.027 0.479 0.151 0.329 0.425 0.548 0.753 0.479 0.562 0.000 0.918 0.808 0.274 0.699 0.644 0.507 0.781 0.521 0.082 0.178 0.014 0.055 0.027 0.014 0.014 0.014 0.014 0.068 0.014 0.041 0.096 0.027 0.110 0.068
0.507 0.425 0.603 0.753 0.658 0.274 0.781 0.836 0.479 0.342 0.699 0.260 0.712 0.562 0.603 0.795 0.164 0.123 0.041 0.274 0.247 0.096 0.000 0.288 0.205 0.315 0.055 0.110 0.068 0.027 0.219 0.178 0.260 0.301 0.288 0.219 0.438 0.041 0.808 0.014 0.507 0.123 0.329 0.397 0.534 0.753 0.521 0.616 0.918 0.000 0.849 0.288 0.685 0.644 0.521 0.795 0.521 0.082 0.178 0.027 0.055 0.014 0.000 0.000 0.000 0.000 0.055 0.027 0.027 0.068 0.027 0.096 0.110
0.479 0.479 0.521 0.630 0.548 0.274 0.699 0.726 0.521 0.329 0.630 0.274 0.685 0.575 0.548 0.699 0.164 0.123 0.055 0.274 0.288 0.082 0.055 0.274 0.247 0.370 0.055 0.151 0.055 0.068 0.219 0.247 0.315 0.356 0.356 0.315 0.507 0.055 0.726 0.041 0.548 0.110 0.356 0.438 0.493 0.699 0.521 0.658 0.808 0.849 0.000 0.301 0.671 0.699 0.548 0.795 0.562 0.055 0.151 0.041 0.082 0.068 0.041 0.027 0.027 0.027 0.137 0.041 0.068 0.110 0.110 0.151 0.151
0.192 0.740 0.466 0.178 0.397 0.192 0.342 0.219 0.726 0.164 0.178 0.192 0.411 0.452 0.137 0.164 0.493 0.123 0.164 0.205 0.274 0.192 0.205 0.370 0.452 0.274 0.137 0.178 0.123 0.192 0.151 0.397 0.548 0.192 0.466 0.219 0.726 0.137 0.342 0.164 0.726 0.178 0.863 0.548 0.384 0.452 0.616 0.425 0.274 0.288 0.301 0.000 0.397 0.521 0.411 0.342 0.315 0.342 0.589 0.164 0.219 0.233 0.151 0.137 0.192 0.192 0.288 0.164 0.164 0.192 0.178 0.370 0.247
0.452 0.548 0.658 0.616 0.644 0.274 0.767 0.658 0.603 0.329 0.630 0.233 0.726 0.603 0.548 0.658 0.164 0.082 0.041 0.233 0.260 0.096 0.027 0.288 0.247 0.288 0.096 0.151 0.068 0.041 0.151 0.178 0.288 0.247 0.329 0.247 0.548 0.027 0.767 0.014 0.603 0.055 0.438 0.534 0.589 0.822 0.507 0.644 0.699 0.685 0.671 0.397 0.000 0.712 0.603 0.726 0.411 0.082 0.219 0.041 0.110 0.041 0.041 0.014 0.014 0.014 0.096 0.041 0.055 0.055 0.068 0.164 0.096
0.329 0.630 0.616 0.507 0.589 0.178 0.616 0.507 0.726 0.219 0.425 0.151 0.671 0.630 0.342 0.479 0.205 0.110 0.041 0.151 0.329 0.068 0.041 0.384 0.356 0.370 0.055 0.151 0.068 0.041 0.082 0.288 0.466 0.301 0.493 0.274 0.712 0.027 0.616 0.027 0.753 0.055 0.575 0.493 0.466 0.836 0.712 0.671 0.644 0.644 0.699 0.521 0.712 0.000 0.548 0.644 0.521 0.137 0.288 0.000 0.068 0.055 0.041 0.027 0.027 0.041 0.110 0.014 0.027 0.055 0.068 0.219 0.137
0.384 0.534 0.466 0.425 0.466 0.301 0.493 0.534 0.589 0.301 0.466 0.274 0.603 0.521 0.425 0.534 0.260 0.164 0.082 0.274 0.233 0.096 0.123 0.260 0.301 0.219 0.110 0.151 0.123 0.137 0.219 0.233 0.315 0.247 0.397 0.329 0.534 0.068 0.562 0.110 0.589 0.151 0.425 0.548 0.534 0.521 0.493 0.644 0.507 0.521 0.548 0.411 0.603 0.548 0.000 0.521 0.329 0.151 0.288 0.068 0.192 0.110 0.110 0.082 0.068 0.096 0.178 0.068 0.137 0.205 0.151 0.247 0.233
0.452 0.493 0.630 0.644 0.616 0.260 0.740 0.740 0.548 0.315 0.671 0.219 0.658 0.575 0.575 0.699 0.233 0.068 0.068 0.260 0.274 0.096 0.055 0.219 0.192 0.329 0.096 0.096 0.068 0.055 0.274 0.205 0.247 0.329 0.315 0.260 0.479 0.055 0.726 0.027 0.521 0.137 0.356 0.438 0.562 0.712 0.507 0.603 0.781 0.795 0.795 0.342 0.726 0.644 0.521 0.000 0.493 0.110 0.233 0.041 0.110 0.068 0.041 0.014 0.027 0.027 0.082 0.055 0.055 0.082 0.096 0.137 0.151
0.479 0.438 0.370 0.452 0.342 0.356 0.479 0.493 0.411 0.356 0.425 0.315 0.466 0.548 0.425 0.479 0.205 0.110 0.137 0.342 0.342 0.096 0.041 0.438 0.370 0.452 0.123 0.178 0.123 0.055 0.315 0.329 0.397 0.356 0.479 0.260 0.493 0.068 0.507 0.082 0.438 0.192 0.397 0.411 0.342 0.521 0.507 0.438 0.521 0.521 0.562 0.315 0.411 0.521 0.329 0.493 0.000 0.123 0.178 0.068 0.123 0.055 0.055 0.068 0.055 0.082 0.110 0.082 0.068 0.110 0.096 0.178 0.164
0.096 0.219 0.178 0.123 0.178 0.164 0.110 0.082 0.233 0.123 0.082 0.137 0.110 0.123 0.068 0.055 0.479 0.466 0.534 0.164 0.384 0.589 0.534 0.247 0.315 0.342 0.479 0.479 0.466 0.575 0.219 0.301 0.233 0.397 0.205 0.466 0.233 0.603 0.096 0.644 0.219 0.342 0.233 0.192 0.137 0.123 0.192 0.123 0.082 0.082 0.055 0.342 0.082 0.137 0.151 0.110 0.123 0.000 0.493 0.575 0.493 0.603 0.616 0.630 0.671 0.658 0.562 0.562 0.616 0.438 0.507 0.425 0.699
0.192 0.411 0.288 0.192 0.274 0.164 0.192 0.137 0.425 0.164 0.082 0.205 0.247 0.233 0.096 0.096 0.740 0.370 0.384 0.219 0.356 0.329 0.411 0.260 0.315 0.370 0.356 0.342 0.342 0.356 0.274 0.356 0.315 0.274 0.315 0.247 0.384 0.370 0.192 0.411 0.397 0.384 0.479 0.356 0.205 0.274 0.356 0.205 0.178 0.178 0.151 0.589 0.219 0.288 0.288 0.233 0.178 0.493 0.000 0.370 0.384 0.356 0.397 0.370 0.411 0.438 0.384 0.370 0.411 0.370 0.329 0.425 0.370
0.027 0.068 0.164 0.055 0.192 0.164 0.068 0.041 0.014 0.123 0.068 0.192 0.027 0.055 0.082 0.027 0.438 0.699 0.918 0.205 0.452 0.822 0.781 0.192 0.164 0.370 0.836 0.740 0.712 0.767 0.356 0.274 0.041 0.507 0.055 0.452 0.055 0.945 0.055 0.849 0.014 0.575 0.110 0.041 0.096 0.041 0.027 0.041 0.014 0.027 0.041 0.164 0.041 0.000 0.068 0.041 0.068 0.575 0.370 0.000 0.671 0.740 0.836 0.890 0.822 0.822 0.589 0.918 0.822 0.589 0.712 0.479 0.562
0.055 0.192 0.164 0.068 0.233 0.192 0.068 0.068 0.164 0.164 0.110 0.205 0.082 0.110 0.123 0.068 0.479 0.562 0.685 0.192 0.603 0.671 0.589 0.233 0.205 0.493 0.712 0.685 0.589 0.575 0.342 0.301 0.178 0.521 0.164 0.329 0.164 0.658 0.027 0.671 0.151 0.507 0.192 0.110 0.110 0.096 0.110 0.137 0.055 0.055 0.082 0.219 0.110 0.068 0.192 0.110 0.123 0.493 0.384 0.671 0.000 0.562 0.616 0.671 0.644 0.699 0.452 0.712 0.616 0.466 0.575 0.479 0.438
0.110 0.096 0.110 0.041 0.110 0.233 0.041 0.041 0.068 0.178 0.068 0.260 0.055 0.055 0.082 0.041 0.425 0.616 0.671 0.260 0.329 0.658 0.808 0.260 0.274 0.288 0.603 0.575 0.603 0.808 0.356 0.384 0.192 0.411 0.151 0.493 0.082 0.767 0.055 0.808 0.055 0.521 0.151 0.082 0.151 0.027 0.068 0.055 0.027 0.014 0.068 0.233 0.041 0.055 0.110 0.068 0.055 0.603 0.356 0.740 0.562 0.000 0.808 0.808 0.822 0.753 0.781 0.726 0.836 0.630 0.849 0.548 0.603
0.068 0.055 0.110 0.055 0.123 0.192 0.055 0.014 0.027 0.123 0.041 0.205 0.055 0.082 0.055 0.014 0.438 0.753 0.781 0.192 0.411 0.740 0.918 0.219 0.219 0.342 0.699 0.712 0.712 0.863 0.384 0.301 0.082 0.466 0.082 0.521 0.041 0.877 0.041 0.918 0.014 0.562 0.082 0.041 0.096 0.027 0.041 0.068 0.014 0.000 0.041 0.151 0.041 0.041 0.110 0.041 0.055 0.616 0.397 0.836 0.616 0.808 0.000 0.945 0.904 0.904 0.699 0.836 0.890 0.644 0.795 0.603 0.644
0.055 0.055 0.110 0.055 0.123 0.192 0.027 0.014 0.000 0.110 0.055 0.192 0.027 0.055 0.055 0.014 0.438 0.781 0.836 0.178 0.425 0.795 0.863 0.205 0.205 0.356 0.753 0.753 0.740 0.863 0.370 0.288 0.082 0.521 0.096 0.493 0.041 0.932 0.014 0.945 0.000 0.589 0.082 0.041 0.082 0.014 0.027 0.041 0.014 0.000 0.027 0.137 0.014 0.027 0.082 0.014 0.068 0.630 0.370 0.890 0.671 0.808 0.945 0.000 0.904 0.904 0.671 0.890 0.890 0.644 0.795 0.562 0.630
0.068 0.082 0.110 0.055 0.123 0.205 0.027 0.000 0.027 0.123 0.027 0.205 0.027 0.055 0.055 0.000 0.479 0.726 0.753 0.205 0.438 0.753 0.849 0.260 0.260 0.356 0.671 0.671 0.726 0.849 0.356 0.329 0.123 0.452 0.110 0.493 0.068 0.849 0.014 0.904 0.014 0.534 0.123 0.027 0.068 0.014 0.027 0.027 0.014 0.000 0.027 0.192 0.014 0.027 0.068 0.027 0.055 0.671 0.411 0.822 0.644 0.822 0.904 0.904 0.000 0.932 0.712 0.808 0.877 0.616 0.753 0.616 0.658
0.041 0.082 0.096 0.041 0.110 0.164 0.027 0.000 0.055 0.096 0.027 0.164 0.027 0.068 0.041 0.000 0.493 0.740 0.808 0.164 0.493 0.753 0.822 0.219 0.219 0.397 0.726 0.712 0.726 0.808 0.356 0.288 0.110 0.493 0.110 0.493 0.082 0.863 0.000 0.918 0.041 0.562 0.123 0.068 0.082 0.014 0.055 0.068 0.014 0.000 0.027 0.192 0.014 0.041 0.096 0.027 0.082 0.658 0.438 0.822 0.699 0.753 0.904 0.904 0.932 0.000 0.658 0.863 0.849 0.644 0.753 0.589 0.630
0.164 0.137 0.137 0.068 0.151 0.260 0.096 0.041 0.137 0.164 0.082 0.274 0.137 0.123 0.082 0.055 0.384 0.548 0.548 0.205 0.370 0.521 0.671 0.233 0.301 0.315 0.493 0.466 0.521 0.726 0.329 0.384 0.247 0.356 0.260 0.493 0.164 0.603 0.082 0.699 0.123 0.438 0.205 0.110 0.164 0.082 0.151 0.068 0.068 0.055 0.137 0.288 0.096 0.110 0.178 0.082 0.110 0.562 0.384 0.589 0.452 0.781 0.699 0.671 0.712 0.658 0.000 0.589 0.699 0.616 0.685 0.644 0.616
0.055 0.068 0.123 0.055 0.151 0.178 0.068 0.041 0.027 0.151 0.096 0.205 0.041 0.055 0.110 0.041 0.411 0.699 0.918 0.219 0.466 0.781 0.781 0.192 0.151 0.370 0.863 0.767 0.726 0.795 0.370 0.288 0.082 0.534 0.096 0.425 0.055 0.918 0.014 0.849 0.014 0.589 0.110 0.055 0.110 0.041 0.055 0.041 0.014 0.027 0.041 0.164 0.041 0.014 0.068 0.055 0.082 0.562 0.370 0.918 0.712 0.726 0.836 0.890 0.808 0.863 0.589 0.000 0.836 0.603 0.753 0.521 0.548
0.123 0.055 0.082 0.096 0.123 0.274 0.055 0.055 0.041 0.178 0.082 0.274 0.068 0.096 0.096 0.055 0.411 0.753 0.767 0.247 0.370 0.726 0.863 0.260 0.247 0.301 0.699 0.685 0.699 0.918 0.425 0.356 0.137 0.466 0.123 0.548 0.041 0.849 0.055 0.890 0.014 0.589 0.096 0.068 0.123 0.027 0.041 0.055 0.041 0.027 0.068 0.164 0.055 0.027 0.137 0.055 0.068 0.616 0.411 0.822 0.616 0.836 0.890 0.890 0.877 0.849 0.699 0.836 0.000 0.685 0.849 0.575 0.644
0.247 0.123 0.096 0.178 0.082 0.370 0.068 0.123 0.110 0.274 0.110 0.384 0.110 0.137 0.110 0.151 0.425 0.589 0.562 0.342 0.329 0.507 0.658 0.260 0.274 0.301 0.507 0.493 0.521 0.699 0.493 0.329 0.205 0.411 0.205 0.466 0.096 0.603 0.110 0.699 0.096 0.671 0.178 0.192 0.137 0.041 0.110 0.110 0.096 0.068 0.110 0.192 0.055 0.055 0.205 0.082 0.110 0.438 0.370 0.589 0.466 0.630 0.644 0.644 0.616 0.644 0.616 0.603 0.685 0.000 0.644 0.548 0.507
0.123 0.082 0.096 0.055 0.068 0.219 0.055 0.055 0.096 0.192 0.068 0.247 0.055 0.082 0.096 0.068 0.397 0.616 0.671 0.247 0.356 0.630 0.795 0.260 0.233 0.315 0.644 0.630 0.589 0.836 0.438 0.384 0.205 0.438 0.192 0.521 0.096 0.753 0.055 0.795 0.068 0.603 0.123 0.096 0.151 0.041 0.082 0.082 0.027 0.027 0.110 0.178 0.068 0.068 0.151 0.096 0.096 0.507 0.329 0.712 0.575 0.849 0.795 0.795 0.753 0.753 0.685 0.753 0.849 0.644 0.000 0.603 0.575
0.151 0.288 0.151 0.096 0.123 0.219 0.096 0.055 0.288 0.205 0.041 0.260 0.178 0.178 0.041 0.055 0.438 0.507 0.452 0.247 0.370 0.452 0.589 0.301 0.329 0.356 0.411 0.479 0.521 0.644 0.342 0.438 0.370 0.370 0.342 0.342 0.274 0.507 0.110 0.589 0.260 0.452 0.274 0.205 0.164 0.178 0.288 0.164 0.110 0.096 0.151 0.370 0.164 0.219 0.247 0.137 0.178 0.425 0.425 0.479 0.479 0.548 0.603 0.562 0.616 0.589 0.644 0.521 0.575 0.548 0.603 0.000 0.466
0.137 0.192 0.178 0.082 0.151 0.164 0.110 0.123 0.164 0.178 0.137 0.178 0.151 0.192 0.110 0.123 0.411 0.548 0.521 0.192 0.397 0.521 0.562 0.260 0.329 0.342 0.466 0.438 0.521 0.630 0.233 0.315 0.233 0.397 0.247 0.616 0.192 0.589 0.110 0.658 0.151 0.397 0.247 0.205 0.151 0.082 0.164 0.137 0.068 0.110 0.151 0.247 0.096 0.137 0.233 0.151 0.164 0.699 0.370 0.562 0.438 0.603 0.644 0.630 0.658 0.630 0.616 0.548 0.644 0.507 0.575 0.466 0.000
