0	3.96599971339719	0	3.52811322607130	0	0	0	0	0	0	0	0	0	0	0	0	0	0	0	3.42727110889803	0	0	0	0	0	0	0	0	0	0	0	0	0	0	0	0	0	0	0	0	0	0	0	0	0	0	0	0	0	0	0	0	0	0	0	0	0	0	0	0	0	0	0	0	0	0	0	0	0	3.82821945752496	0	0	0	3.22129119622599	0	0	0	3.45026928103651	0	0	0	0	0	0	0	0	0	0	0	0	0	0	0	0	0	0	0	0	0	0	0	0	0	0	0	0	0	0	0	0	0	0	0	0	0	0
0	0	0	0	0	0	0	0	0	0	0	0	0	0	0	0	0	0	3.82688598400144	0	0	0	0	0	0	0	0	0	0	0	0	0	0	0	0	0	0	0	0	0	0	0	0	0	0	0	0	0	0	0	0	0	0	0	0	0	0	0	0	0	0	0	0	0	0	0	0	0	3.80392587451711	0	4.68774108378082	3.55026724136759	3.21492126385337	0	0	0	3.92504379850307	0	0	0	0	0	0	0	0	0	0	0	0	0	0	0	0	0	0	0	0	0	0	0	0	0	0	0	0	0	0	0	0	0	0	0	0	3.32142198587988	0	0
0	0	0	3.15470278071257	0	3.31243689861770	0	3.88656907739197	0	0	0	4.39030443303451	0	3.64834992718077	0	0	0	0	0	3.83549052995305	0	0	0	0	0	3.10568854186049	0	0	0	0	0	0	3.33345287488144	3.78069523496162	0	0	3.75679998917005	3.74138119253230	3.36749812436156	0	0	0	3.44682216851407	0	3.18146671394016	0	3.33814434529057	3.53611930331733	3.21168113116207	0	0	0	3.12035629709829	0	3.48013400261318	0	0	0	0	0	0	0	0	0	0	0	3.51429624765203	3.41433467998090	0	0	3.42505672135950	4.22822896818066	0	4.11363779896171	0	0	0	4.14658774790695	0	0	0	0	0	0	0	0	0	0	0	0	0	0	0	3.76970285671590	0	0	0	0	0	0	0	0	0	4.21552287459910	0	3.78713783340301	0	0	0	0	0	0	0	0	0	0
0	0	0	0	3.47919580879697	0	3.20438168980377	0	3.32891792295866	0	3.52855811522610	0	3.57216611031370	0	3.74702055380962	0	0	0	4.16802618037581	0	3.71892803289436	3.52867153952665	3.05980051032564	0	3.22504537512878	0	4.26993334844670	0	3.71121029627898	0	3.89570891228959	3.88340673117916	3.60024933463460	0	4.14889875868741	4.04853856926384	4.07002119509679	4.03154703638412	0	3.75256278614648	0	3.52365192179487	3.48422250491090	3.55496162608569	0	3.81415657612208	3.63080266426312	3.67375071844738	0	3.68792114556126	3.72835901991342	3.07525229106972	0	0	0	3.68778382012540	0	0	3.41906592053100	4.06798814660900	0	0	0	0	0	0	3.56701018894934	3.37403305839498	3.57391919968521	0	4.35529692634005	3.86640872451663	3.91217439032421	0	0	3.55727619063148	3.87470399164916	0	0	0	0	0	0	0	0	0	0	0	3.90512585672113	3.64473634858769	3.08041039386742	0	3.27983999584083	0	3.81250213201202	0	3.44832685075889	0	0	0	0	0	3.50295012317465	3.07503067371975	3.29178203168559	0	0	0	0	3.26470850994073	0	0	0	3.88216429959572	0	3.93816557800587
0	0	0	0	0	3.43729560843416	0	0	0	0	0	0	0	0	0	0	0	0	0	0	0	3.00917455338270	0	3.47476222370229	0	3.45032519647611	0	0	0	0	0	0	0	0	3.15292197194189	0	3.17677579147999	3.65098143244542	0	0	0	0	0	3.54001088893357	0	0	0	3.44183238649533	0	3.22722640361823	0	0	0	0	3.29463080631776	3.83522509440765	0	0	0	0	0	0	0	0	0	0	0	0	0	0	3.20679338822663	3.39896942056610	0	0	0	0	0	3.70315957850937	0	0	0	0	0	0	0	0	0	0	0	3.60284459006644	3.13683854107498	0	0	0	0	0	0	0	0	0	0	0	0	0	0	0	0	0	0	0	0	0	0	0	0	0
0	0	0	0	0	0	3.83014216786100	0	0	3.36516203257732	0	0	0	0	3.41737554123992	0	0	0	0	3.91296022968845	3.77630848337374	0	3.34128516101136	0	3.33757970531956	0	0	0	0	0	3.67444054632311	3.52325667721255	0	0	3.94803644919873	4.16767549759362	3.71192714364972	3.04622651892771	0	0	0	3.31914230167904	3.57748981895550	3.17874045549636	3.14979501151306	3.01188639717203	3.79764009792766	3.19776933005669	3.64141488343487	3.25254464304976	3.63587065845404	0	0	3.18244638333102	0	3.77194669766162	0	0	0	0	0	0	0	0	0	0	3.69033887081007	3.62964186176331	0	0	3.70722262929949	3.12089592989539	0	0	0	0	3.97274009779283	3.88094446925435	0	0	0	0	0	0	3.77931575896703	0	0	0	3.98822684730360	0	0	3.73357643587813	0	3.90825204626635	0	3.22013903301092	0	0	0	0	0	0	4.32682614457692	3.80058202897349	0	3.34479529073820	0	0	0	3.94836126878989	0	0	0	4.23012728645626	4.37896012951233	3.92627730111088
0	0	0	0	0	0	0	3.80956621683616	0	0	3.45866573569198	0	0	3.58090887138312	0	0	0	0	3.73332937970704	0	0	0	0	0	0	0	0	0	0	0	0	0	0	0	0	0	3.93377349331684	3.78583244019395	0	0	0	0	0	0	0	0	3.47881369882027	0	3.00652439845951	0	0	0	0	0	3.38341353103552	0	0	0	0	0	0	0	0	0	0	0	0	3.55371826094551	0	0	3.39650306077461	4.47831536042407	0	4.36925547782696	0	0	3.22334205909416	4.22401346693579	0	0	3.02474314922129	0	0	0	0	0	0	0	0	0	0	0	0	0	3.16460449408583	0	0	0	0	0	0	0	0	0	0	0	0	0	0	0	0	0	0	0	0	0
0	0	0	0	0	0	0	0	0	0	0	0	3.96317936309855	0	0	0	0	0	0	0	0	0	0	3.02924206089616	0	0	0	0	0	0	0	0	0	0	0	0	4.21814739047521	4.28122311533209	0	0	0	0	0	0	0	0	0	3.89853846359066	0	0	0	0	0	0	0	3.94437208518930	0	0	0	3.40608459065227	0	0	0	0	0	0	0	4.38056049450518	0	3.73430630545957	4.44623045233592	4.52390359196435	4.11572376383216	0	0	3.93464879407827	0	3.78846022165687	0	0	0	0	0	0	0	0	0	0	0	0	0	0	0	3.43771268459827	0	0	0	0	0	0	0	0	0	3.39277744581746	0	3.28498977056324	0	0	0	3.92061879171405	0	0	0	4.25078401721261	0	4.15993236936625
0	0	0	0	0	0	0	0	0	0	0	0	0	0	0	0	0	0	0	0	0	0	0	0	0	0	0	0	0	0	0	0	0	0	0	0	0	3.40160227055147	0	0	0	0	0	3.27986671666625	0	0	0	0	0	3.02991807601992	0	0	0	0	3.27148476649983	3.51815113847597	0	0	0	0	0	0	0	0	0	0	0	0	0	0	3.12117094167951	3.72862092687364	0	0	0	0	3.20573180123729	0	0	0	0	0	0	0	0	0	0	0	0	0	0	0	0	0	0	0	0	0	0	0	3.06624912270772	0	0	0	0	0	0	0	0	0	0	0	0	0	3.08336950873001	0
0	0	0	0	0	0	0	0	0	0	0	0	0	0	0	3.30041991383844	0	0	0	0	0	0	0	0	0	0	0	0	0	0	0	0	0	0	3.86997045182916	4.01874814556572	3.79285868933602	0	0	0	0	0	0	3.09223597882241	3.27838151031448	0	3.63181767471781	3.06880114145496	3.75434806552090	3.20876801798231	3.60654172541208	0	0	3.13361737993090	0	3.24146845613764	0	0	0	0	0	0	0	0	0	0	3.51781721709127	3.48743140177243	0	0	4.46474942192834	3.23258559281280	0	0	0	3.23094148075480	0	3.72029698345840	0	0	0	0	0	0	0	0	0	0	3.85613065762579	0	0	3.56747305794562	0	3.91352424350646	0	3.19789115685702	0	0	0	0	0	0	0	3.90225724654364	0	3.41994147130179	0	0	0	4.07440349350229	0	0	0	4.34194560257162	0	4.16211617320645
0	0	0	0	0	0	0	0	0	0	0	0	0	3.83120246684530	3.32512696854689	0	0	0	0	0	0	0	0	0	0	0	0	0	0	0	0	0	0	0	0	0	0	0	0	0	0	0	0	0	0	0	0	0	0	0	0	0	0	0	0	0	0	0	0	0	0	0	0	0	0	0	0	0	0	0	0	0	0	0	0	0	0	0	0	0	0	0	0	0	0	0	0	0	0	0	0	0	0	0	0	0	0	0	0	0	0	0	0	0	0	0	0	0	0	0	0	0	0	0	0	0
0	0	0	0	0	0	0	0	0	0	0	0	0	0	0	0	0	0	0	0	0	0	0	3.37819767259036	0	0	0	0	0	3.07957441890269	0	0	0	0	0	0	0	0	0	0	0	0	0	0	0	0	0	0	0	0	0	0	0	0	0	0	0	0	0	0	0	0	0	0	0	0	0	0	0	0	4.94389541435978	0	4.21965563632958	3.64572818634193	0	4.43612969240458	0	4.11036030570692	0	0	0	0	0	0	0	0	0	0	0	0	0	0	0	0	0	0	0	0	0	0	0	0	0	0	0	0	0	0	0	0	0	0	0	0	0	0
0	0	0	0	0	0	0	0	0	0	0	0	0	3.86905767603781	0	0	3.24671100929619	0	0	0	0	0	0	0	0	0	0	0	3.29843471432924	0	0	0	0	0	0	0	4.05817444356319	3.63963843084692	3.38876512204936	0	0	0	0	0	0	0	3.34929593243107	3.66735829449321	0	0	0	0	0	0	3.55022618937766	0	0	0	0	0	0	0	0	0	0	0	0	3.31800217574445	0	0	3.74200134841961	3.90486074514727	0	4.28108129431756	3.36185039144266	0	3.61220782113376	4.03590685765458	0	0	0	0	0	0	0	0	0	0	0	0	0	0	3.07996003530902	0	3.32731843564230	0	3.36158938019601	0	0	0	3.28669807322292	0	0	0	0	0	0	0	0	0	0	0	0	0	3.51818370691093	0
0	0	0	0	0	0	0	0	0	0	0	0	0	0	0	0	0	3.17978030271520	4.00792633983082	0	0	0	0	0	0	0	0	0	3.99708902774669	3.42853642598657	0	0	0	0	0	0	4.21456357302636	3.33454858096491	0	4.02297486169524	0	0	0	0	0	3.24947166778752	3.28828301771446	3.84491679489181	0	3.41415778024291	0	0	0	3.21481010449218	0	3.89969311006599	0	0	0	3.27345362970734	0	0	0	0	0	0	0	3.76453544399256	0	0	4.89765556508780	4.22594412561423	4.19496870297017	3.55170678364362	0	3.78375980969411	3.64255401939538	4.07253824414261	0	0	0	0	0	0	0	0	0	0	0	0	0	3.24817140424045	0	3.87528434347966	4.02372311924913	3.34771650280781	0	0	0	0	0	0	0	3.93810775898527	3.55875898428802	3.41602937242106	0	0	0	3.97891324294718	0	0	0	4.41331864832942	0	4.13397661645631
0	0	0	0	0	0	0	0	0	0	0	0	0	0	0	0	0	0	0	0	3.24588111351348	0	0	0	0	0	0	0	0	0	0	0	0	0	0	0	0	3.50858199708416	0	0	3.18175439821665	0	0	3.31476682199195	0	0	0	0	0	3.12368267725666	0	0	0	0	3.82635397163385	0	0	0	0	0	0	0	0	0	0	0	0	0	0	0	3.64538640849968	0	0	0	3.13514740435339	0	3.70353790694441	0	0	0	0	0	0	0	0	0	0	0	0	3.50928704283972	0	0	3.24650395535134	0	3.28304009424878	0	0	0	0	0	0	0	0	0	0	0	0	0	0	0	0	0	0	0	0	0
0	0	0	0	0	0	0	0	0	0	0	0	0	0	0	0	0	0	0	0	0	0	0	0	0	0	0	0	0	0	0	0	0	0	3.88976861577561	3.66436495427387	3.96482349689317	3.02411710253943	0	0	0	3.30051003940886	0	3.14127890566913	3.12122565164593	0	3.07481701009583	3.25588608585463	3.87600074165093	3.14571123253065	3.68152423043705	0	0	3.10185898881167	0	3.23262363676432	0	0	0	0	0	0	0	0	0	0	3.45375586335158	3.11315018886227	0	0	0	3.50719593206855	0	0	0	3.50814541719466	0	3.83312056745648	0	0	0	0	0	0	0	0	0	0	3.99136188440656	0	0	0	0	3.86481792873496	0	3.32865309363404	0	0	0	0	0	0	0	3.69830299931130	0	3.44125724725982	0	0	0	4.14262423773817	0	0	0	4.36413282241737	0	4.23561338176171
0	0	0	0	0	0	0	0	0	0	0	0	0	0	0	0	0	0	0	0	0	0	0	0	0	0	0	0	0	0	0	0	0	0	0	0	0	0	0	0	0	0	0	0	0	0	0	0	0	0	0	0	0	0	0	0	0	0	0	0	0	0	0	0	0	0	0	0	0	0	0	0	0	0	0	0	0	0	0	0	0	0	0	0	0	0	0	0	0	0	0	0	0	0	0	0	0	0	0	0	0	0	0	0	0	0	0	0	0	0	0	0	0	0	0	0
0	0	0	0	0	0	0	0	0	0	0	0	0	0	0	0	0	0	0	0	0	0	0	3.06359581685812	0	0	0	0	0	3.79201756578896	0	0	0	0	0	0	0	0	0	0	0	0	0	0	0	0	0	0	0	0	0	0	0	0	0	0	0	3.28957219647687	0	0	0	0	0	3.21033659389598	0	0	0	0	0	0	0	0	0	0	0	0	0	0	0	0	0	3.52052905238944	0	0	0	0	0	0	0	0	0	0	0	0	0	0	0	0	0	0	0	0	0	0	0	0	0	0	0	0	0	0	0	0	0	0
0	0	0	0	0	0	0	0	0	0	0	0	0	0	0	0	0	0	0	3.96206232266861	0	0	0	3.77182593094303	0	0	0	0	0	0	3.49027020271891	3.63653361805400	0	3.55532163029121	0	0	3.25499091808778	0	0	0	0	0	3.45658274152964	0	3.57873121071412	0	0	3.08482067363757	0	0	0	0	0	0	0	0	3.00890790975884	0	3.47724008699202	0	0	0	0	0	0	0	3.50931510324088	3.18191927542479	0	3.59652575853280	0	4.09259322335874	0	3.73160679714236	0	0	0	3.79049149808227	0	0	0	0	0	0	0	0	0	0	0	0	0	0	0	0	0	0	0	0	0	0	0	0	0	3.72158012680386	0	3.15847476516400	0	0	0	0	0	0	0	0	0	0
0	0	0	0	0	0	0	0	0	0	0	0	0	0	0	0	0	0	0	0	0	0	3.96508882755826	0	0	0	0	0	0	0	4.28407294334422	4.02464044212173	3.92266283410325	3.38615082901346	0	0	0	3.24654656005032	0	0	0	4.04284952661962	3.93588443781600	3.25840292319670	4.01826984412765	3.35941510852087	3.96350832046431	3.41367835211216	0	0	0	0	0	0	0	0	0	0	3.04951823641437	0	0	0	0	0	0	0	3.35725848155703	0	3.53858203002612	0	4.22808558122361	3.72122284494531	3.90866691527362	0	0	0	3.61534487357521	0	0	0	0	0	0	0	0	0	0	0	0	0	0	0	0	0	0	0	0	0	0	0	0	0	3.26230313638838	3.00260926744659	0	0	0	0	0	3.21040393288850	0	0	0	3.47163601214154	0	3.30272876999757
0	0	0	0	0	0	0	0	0	0	0	0	0	0	0	0	0	0	0	0	0	0	0	3.85424036911619	0	4.01074121030607	0	3.22334366171771	0	0	0	3.36996126753004	0	0	0	0	0	3.78291985175515	3.47774843831609	0	0	0	0	3.68944400565542	0	0	3.03533911173280	0	0	3.34670532926576	0	0	0	0	3.46305201938625	4.03229540076672	0	0	0	0	0	0	0	0	0	0	0	0	3.87012733515592	4.11360628938814	0	0	0	0	0	0	0	0	0	0	0	0	0	0	0	0	0	0	0	0	0	0	0	0	0	0	0	0	0	0	0	0	0	0	0	0	0	0	0	0	0	0	0	0	0	0
0	0	0	0	0	0	0	0	0	0	0	0	0	0	0	0	0	0	0	0	0	0	0	3.56956287769100	3.96742283996196	0	0	0	0	0	0	0	0	0	3.95555325766228	4.44151682611418	0	3.07261015194581	0	0	0	0	0	3.30503614691964	3.28361587855291	3.12021841003375	3.63095895651752	3.24863501295621	3.71277673313521	3.34208543524990	3.67615219052354	0	0	3.18543685343659	0	3.76439410104877	0	0	0	0	0	0	0	0	0	0	3.73343684753228	3.57493399622762	0	0	0	0	0	0	0	0	0	3.06310316640925	0	0	0	0	0	3.53660053438450	0	0	0	0	0	0	0	0	0	0	0	0	0	0	0	0	0	0	0	0	0	0	0	0	0	0	0	0	0	0	0	0
0	0	0	0	0	0	0	0	0	0	0	0	0	0	0	0	0	0	0	0	0	0	0	0	0	3.06947167800844	0	3.46346199229513	0	0	0	0	0	3.68265825067562	0	0	3.97229428713150	0	3.48166161734700	0	0	0	0	0	0	3.36411676155804	3.63162437412834	3.76401771197035	3.43751229782416	0	0	0	0	0	3.50589969864927	0	0	0	3.06166654142358	0	0	0	0	0	0	0	0	3.15391396921956	3.48028917714359	0	3.37087334908409	0	0	0	3.16853154188486	0	3.31747957234571	3.90258698406681	0	0	0	0	0	0	0	0	0	0	3.14916277848647	0	0	0	0	0	3.23484033662129	0	3.18321547693893	0	0	0	3.21197319175590	0	3.14880497508546	0	0	0	0	0	0	0	0	0	0	0	0	0
0	0	0	0	0	0	0	0	0	0	0	0	0	0	0	0	0	0	0	0	0	0	0	0	3.40932329224597	0	4.22921266966057	0	0	3.39961000172522	3.86299393035461	3.84370695603735	3.79493483616562	0	4.23376840773082	0	4.20587782208475	4.04298372618292	0	3.84397270196146	0	0	3.63301461186398	0	3.11969004228086	3.16295851563654	0	3.70745547059164	0	0	0	3.36577644357355	0	0	0	3.72278697970571	0	0	3.38463956503385	3.78023261868785	0	0	0	0	0	0	3.18018564568799	0	0	3.48608448145329	4.32693164929940	3.89277816778217	0	3.45909843704812	0	4.10202411408106	3.90029557352521	4.13295829431565	0	0	0	0	0	0	0	0	0	0	0	3.66573396016230	0	3.83806909513854	0	4.06800034188718	0	3.58899932632535	0	0	0	0	0	0	0	4.20980251580711	3.40805073959178	3.78221680582415	0	0	0	3.97836366774398	0	3.38181473693421	0	4.45542145434910	0	4.35389712189222
0	0	0	0	0	0	0	0	0	0	0	0	0	0	0	0	0	0	0	0	0	0	0	0	0	0	0	0	0	0	3.03509723158374	0	0	0	3.21182536207750	0	3.17889067443782	3.70991312043636	0	0	0	0	3.17556343693905	3.26863378559304	0	0	0	0	0	0	0	0	0	0	0	4.04701749669569	0	0	0	0	0	0	0	0	0	0	0	3.01127845836978	0	0	3.27932180855154	3.48328834821502	0	0	0	0	0	0	0	0	0	0	0	0	0	0	0	0	0	0	0	0	0	0	0	0	0	0	0	0	0	0	0	0	0	0	0	0	0	0	0	0	0	0	0	0
0	0	0	0	0	0	0	0	0	0	0	0	0	0	0	0	0	0	0	0	0	0	0	0	0	0	0	0	0	0	3.68933031538192	0	0	0	3.48831867111082	0	3.37332205622402	3.57287550715376	0	0	0	0	3.21989038945328	0	3.02401118300544	0	3.28694909074698	3.27219822182422	0	3.03752504657960	3.08387525057088	0	0	0	0	3.73456159320193	0	0	0	0	0	0	0	0	0	0	0	0	0	0	3.21240753064339	0	0	0	0	0	0	3.55537559788032	0	0	0	0	0	0	0	0	0	0	0	3.17029613301315	0	0	0	3.82189113108567	0	0	0	0	0	0	0	0	0	3.83084395067834	0	3.29362206465441	0	0	0	3.87481907622938	0	0	0	4.17242437591360	4.16714255333633	3.94301689866433
0	0	0	0	0	0	0	0	0	0	0	0	0	0	0	0	0	0	0	0	0	0	0	0	0	0	0	0	0	0	4.11624694523540	4.36744909501819	0	0	0	0	0	3.72169360469943	3.50931400293514	0	0	0	3.06489293161562	3.57283173804660	0	0	0	0	0	3.21696491368494	0	0	0	0	3.15296401508628	3.45112366588806	0	0	0	0	0	0	0	0	0	0	0	0	0	0	0	0	0	0	0	0	0	0	0	0	0	0	0	0	0	0	0	0	0	3.65077142181767	0	0	0	0	0	0	0	0	0	0	0	0	0	0	0	0	0	0	0	0	0	0	0	0	0	0
0	0	0	0	0	0	0	0	0	0	0	0	0	0	0	0	0	0	0	0	0	0	0	0	0	0	0	0	0	0	3.53675108750197	0	0	0	3.95269700963748	4.22074954722189	3.80734804875741	3.06770741980710	0	0	0	0	3.42730287288550	3.21133557128997	3.53120775612705	3.06233775730673	3.93569637256903	3.31002898219126	3.63188253165403	3.26769863652731	3.59747430173318	0	0	3.10393656345401	0	3.60301966867910	0	0	0	0	0	0	0	0	0	0	3.63597987379014	3.48080011073912	0	0	0	0	0	0	0	0	0	3.55495150479326	0	0	0	0	0	3.25652863040314	3.52754890612937	0	0	0	3.71976117182268	0	0	0	0	0	0	0	0	0	0	0	0	0	0	0	0	0	0	0	0	0	0	0	0	0	0	0
0	0	0	0	0	0	0	0	0	0	0	0	0	0	0	0	0	0	0	0	0	0	0	0	0	0	0	0	0	0	0	0	0	0	0	0	3.17192962382195	3.90585074192182	3.16359199058568	0	0	0	0	0	0	0	3.20302299196056	0	0	0	0	0	0	0	3.29837624023379	0	0	0	0	0	0	0	3.11713399611316	0	0	0	0	3.22852038860228	0	0	0	0	0	4.51681972378673	3.23717665934335	0	3.47890866531200	0	3.07719791648247	0	3.16066223245210	0	0	0	0	0	0	0	0	0	0	0	0	0	3.16011365049036	0	0	0	0	0	0	0	0	0	0	0	0	0	0	0	0	0	0	0	3.51488598195983	0
0	0	0	0	0	0	0	0	0	0	0	0	0	0	0	0	0	0	0	0	0	0	0	0	0	0	0	0	0	0	0	0	0	0	0	0	0	0	0	0	0	0	0	0	0	0	0	0	0	0	0	0	0	0	0	0	0	0	0	0	0	0	0	0	0	0	0	0	0	0	0	0	0	0	0	0	0	0	0	0	0	0	0	3.25761083275101	0	0	0	0	0	0	0	0	0	0	0	0	0	0	0	0	0	0	0	0	0	0	0	0	0	0	0	0	0	0	0	0
0	0	0	0	0	0	0	0	0	0	0	0	0	0	0	0	0	0	0	0	0	0	0	0	0	0	0	0	0	0	0	3.92142685868386	0	3.90102514997544	0	0	0	0	0	0	0	0	0	3.61673113477995	0	0	0	0	3.43847477308812	0	0	0	0	0	0	3.29105672661791	0	0	3.07153050867533	0	0	0	0	0	0	0	0	0	3.54278892529477	3.53832303010508	0	0	0	0	0	0	0	0	0	0	0	0	0	0	0	0	0	0	0	0	0	0	0	0	0	0	0	0	0	0	0	0	0	0	0	0	0	0	0	0	0	0	0	0	0	0
0	0	0	0	0	0	0	0	0	0	0	0	0	0	0	0	0	0	0	0	0	0	0	0	0	0	0	0	0	0	0	0	3.49324181881251	0	0	0	0	0	0	0	0	0	3.09947361218322	0	0	0	0	0	0	0	0	0	0	0	0	0	0	0	3.51707923566286	0	0	0	0	0	0	0	0	0	3.77124926646949	0	0	0	0	0	0	0	0	0	0	0	0	0	0	0	0	0	0	0	0	0	0	0	0	0	0	0	0	0	0	0	0	0	0	0	0	0	0	0	0	0	0	0	0	0	0	0
0	0	0	0	0	0	0	0	0	0	0	0	0	0	0	0	0	0	0	0	0	0	0	0	0	0	0	0	0	0	0	0	0	3.61788635850097	0	0	0	0	0	0	0	0	0	0	0	0	0	0	4.16691151708103	0	0	0	0	0	0	0	0	3.12126555906821	3.14303091497675	3.03136222606010	0	0	0	0	0	0	0	3.47491799329656	3.37944738275789	3.33735691288307	0	0	0	0	0	0	0	0	0	0	0	0	0	0	0	0	0	0	0	0	0	0	0	0	0	0	0	0	0	0	0	0	0	0	0	0	0	0	0	0	0	0	0	0	0	0
0	0	0	0	0	0	0	0	0	0	0	0	0	0	0	0	0	0	0	0	0	0	0	0	0	0	0	0	0	0	0	0	0	0	3.18924719608080	0	0	0	0	0	0	0	3.65843745122907	0	3.95006632106874	0	0	0	4.71461738624061	0	0	0	0	0	0	0	0	0	3.39007614974455	0	0	0	0	0	0	0	3.33348632308788	0	3.50338082599435	0	0	0	0	0	0	0	0	3.30485070041120	0	0	0	0	0	0	0	0	0	0	0	0	0	0	0	0	0	0	0	0	0	0	0	0	0	0	0	0	0	0	0	0	0	0	0	0	0	0
0	0	0	0	0	0	0	0	0	0	0	0	0	0	0	0	0	0	0	0	0	0	0	0	0	0	0	0	0	0	0	0	0	0	0	0	0	3.97102211147102	0	3.67519708372999	0	3.73510253244178	0	3.27370065842963	4.17945160896822	0	0	3.18468337201926	4.12638482754266	3.34658440958124	0	3.36353674874904	0	0	0	3.69379486162305	0	0	4.05798468767126	0	0	0	0	0	0	0	0	3.64916032014281	0	0	3.52079053005898	4.20829792445501	0	3.46727171793119	0	0	0	3.80210470230386	0	0	0	0	0	0	0	0	0	3.37236386830693	3.21310489004410	3.75317443712239	0	0	0	0	0	0	0	0	0	0	0	0	0	3.20734548176951	0	3.22582805930553	0	0	0	0	0	0	0	0	0	3.16729280333682
0	0	0	0	0	0	0	0	0	0	0	0	0	0	0	0	0	0	0	0	0	0	0	0	0	0	0	0	0	0	0	0	0	0	0	0	0	4.55670412717163	0	3.98014150957570	0	3.95233648034892	0	0	4.12791628296614	0	0	0	3.28337887393288	0	0	0	0	0	0	3.48669485175886	0	0	4.16043812417122	3.25892779786194	0	0	0	0	0	0	4.52630621024785	3.27715426798898	0	0	0	4.35330810154967	0	0	0	0	0	4.23644088535606	0	0	0	0	0	0	0	0	0	3.76343464606902	0	3.87334056275282	0	0	0	0	0	0	0	0	0	0	0	0	0	3.29328356476185	0	3.10734711092014	0	0	0	0	0	0	0	0	0	0
0	0	0	0	0	0	0	0	0	0	0	0	0	0	0	0	0	0	0	0	0	0	0	0	0	0	0	0	0	0	0	0	0	0	0	0	0	3.38672898470204	0	0	0	3.70441436681993	0	3.64380029559345	0	0	3.03668425941713	3.06258114662379	0	0	0	3.11116164522899	0	0	3.09338493093119	3.61941895277603	0	0	0	0	0	0	0	0	0	0	0	0	0	0	3.61354107012431	4.08969674576845	3.81247746891922	4.10010279846548	4.02763153149696	0	3.42359316655439	3.35715823264273	0	0	0	0	3.28384730616062	0	0	3.25952312134291	0	3.37818156908395	0	3.63736928999910	0	0	0	0	0	0	0	0	0	0	0	0	0	0	0	0	0	0	0	0	0	0	0	0	0	0
0	0	0	0	0	0	0	0	0	0	0	0	0	0	0	0	0	0	0	0	0	0	0	0	0	0	0	0	0	0	0	0	0	0	0	0	0	0	3.82754631754115	3.32315754876865	3.61405873193918	3.01555705717571	3.55914767541317	0	3.59934084819630	3.27867180679309	3.16061890826126	4.01342831252985	0	3.63974808019340	3.20092109867911	0	0	0	3.58658273271071	0	0	0	3.79412958566941	3.02488600120398	0	0	0	0	0	0	3.37938613415183	3.88474707573812	0	0	3.80549347536134	3.67689886722854	3.83569224537341	3.18793524627764	0	0	3.13094357109857	3.63940418522577	0	0	0	0	0	0	3.82839773762945	0	0	0	3.66287276845493	0	0	0	0	0	0	0	0	0	0	0	0	0	0	0	0	0	0	0	0	4.19119151323200	0	0	0	3.77529166467046	0	0
0	0	0	0	0	0	0	0	0	0	0	0	0	0	0	0	0	0	0	0	0	0	0	0	0	0	0	0	0	0	0	0	0	0	0	0	0	0	0	0	0	0	0	0	0	0	0	0	0	0	0	0	0	0	0	3.92511283490122	0	0	0	0	0	0	0	0	0	0	0	0	0	0	0	0	0	0	0	0	0	0	0	0	0	0	0	0	0	0	0	0	0	3.77542618460365	0	0	0	0	0	0	0	0	0	0	0	0	0	0	0	0	0	0	0	0	0	0	0	0	0	0
0	0	0	0	0	0	0	0	0	0	0	0	0	0	0	0	0	0	0	0	0	0	0	0	0	0	0	0	0	0	0	0	0	0	0	0	0	0	0	0	0	0	0	0	3.19976559843792	0	0	0	3.02483091427505	3.12636974248003	3.55283473243854	0	0	0	0	0	0	0	3.67067640387870	0	0	0	0	0	0	3.65642886787411	3.49462476909746	0	0	0	0	3.44571730273993	0	0	0	0	0	3.40883417814625	0	0	0	0	0	0	0	0	0	0	0	0	0	0	0	0	0	0	0	0	0	0	0	0	0	0	0	0	0	0	0	0	0	0	0	0	0	0
0	0	0	0	0	0	0	0	0	0	0	0	0	0	0	0	0	0	0	0	0	0	0	0	0	0	0	0	0	0	0	0	0	0	0	0	0	0	0	0	0	0	0	3.56435514790703	0	0	0	3.36169101415060	0	3.29886035708587	0	3.14303287496328	0	0	0	3.84477695337175	0	0	0	0	0	0	0	0	0	0	0	0	3.35339077362220	0	0	0	0	0	0	0	0	3.67918367663595	0	0	0	0	0	0	0	0	0	0	0	3.70780600341437	0	0	0	0	0	0	0	0	0	0	0	0	0	0	0	0	0	0	0	0	0	0	0	0	3.03502767028991	0
0	0	0	0	0	0	0	0	0	0	0	0	0	0	0	0	0	0	0	0	0	0	0	0	0	0	0	0	0	0	0	0	0	0	0	0	0	0	0	0	0	0	0	3.12627167014248	3.17940985313075	0	0	3.59204570525625	3.70219049929536	3.17585826909125	3.62069591210555	0	0	0	3.46168354365005	3.17803470752188	0	0	3.38633269148509	0	0	0	0	0	0	0	3.48056115833587	3.27921588360707	0	0	0	0	0	0	0	0	3.02403295082911	3.85865153367894	0	0	0	0	0	0	3.79416127059829	0	0	0	3.84125091029598	0	0	0	0	3.62383277043733	0	0	0	0	0	0	0	0	0	3.69902027311452	0	3.08508452566546	0	0	0	3.94816540812886	0	0	0	4.35154142913288	0	3.44488215292041
0	0	0	0	0	0	0	0	0	0	0	0	0	0	0	0	0	0	0	0	0	0	0	0	0	0	0	0	0	0	0	0	0	0	0	0	0	0	0	0	0	0	0	0	0	0	0	0	0	0	0	0	0	0	0	0	0	0	3.02387223334781	3.12372741642797	0	0	0	0	0	0	0	3.69978719837772	0	3.85927119672275	0	0	0	3.58286827087468	0	0	0	0	0	0	3.11721886107108	0	0	0	3.25375181589974	0	0	0	0	0	0	0	0	0	0	0	0	0	0	0	0	0	0	0	0	0	0	0	0	0	0	0	0	0	0	0
0	0	0	0	0	0	0	0	0	0	0	0	0	0	0	0	0	0	0	0	0	0	0	0	0	0	0	0	0	0	0	0	0	0	0	0	0	0	0	0	0	0	0	0	0	0	0	0	0	0	0	0	0	0	0	0	0	0	3.72068793664010	0	0	0	0	0	0	0	3.01551290677313	3.42647589247966	0	0	4.08167977967601	3.25402092841462	3.75720722815641	3.01519726854059	0	0	0	0	0	0	0	0	0	0	0	0	0	0	3.84675979353140	0	0	0	0	0	0	0	0	0	0	0	0	0	0	0	0	0	0	0	0	0	0	0	0	0	0	0
0	0	0	0	0	0	0	0	0	0	0	0	0	0	0	0	0	0	0	0	0	0	0	0	0	0	0	0	0	0	0	0	0	0	0	0	0	0	0	0	0	0	0	0	0	0	0	0	0	0	0	0	0	0	0	0	0	0	0	3.37255075435561	0	0	0	0	0	0	0	3.73678209838675	0	0	0	4.03415013998238	0	0	0	0	0	0	0	0	0	0	0	0	3.11426119393532	0	0	3.19136081735137	3.25938203399079	0	0	0	0	0	0	0	0	0	0	0	0	0	0	0	0	0	0	0	0	0	0	0	0	0	0	0
0	0	0	0	0	0	0	0	0	0	0	0	0	0	0	0	0	0	0	0	0	0	0	0	0	0	0	0	0	0	0	0	0	0	0	0	0	0	0	0	0	0	0	0	0	0	0	0	0	0	0	3.53463562977054	0	3.77675785444573	0	0	0	0	3.81666272355527	0	0	0	0	0	0	3.66009719459172	0	0	0	0	3.35882719817778	3.23867153495556	3.18392768126880	0	0	0	0	3.26883342002161	0	0	0	0	0	0	0	0	3.06875504661296	0	3.40967208143170	3.19312417163369	0	0	0	0	0	0	0	0	0	0	0	0	0	0	0	0	0	0	0	0	0	0	0	0	0	0
0	0	0	0	0	0	0	0	0	0	0	0	0	0	0	0	0	0	0	0	0	0	0	0	0	0	0	0	0	0	0	0	0	0	0	0	0	0	0	0	0	0	0	0	0	0	0	0	0	3.76155074112612	0	0	0	0	0	0	0	0	3.41863627650137	0	0	0	0	0	0	0	0	3.14126368273172	0	3.55192556810663	3.25102661514350	3.96548225735989	3.15598397604612	0	0	0	3.32572927049464	0	0	0	0	0	0	0	3.26705636517094	0	0	3.62928864079205	0	0	0	0	0	0	0	0	0	0	0	0	0	0	0	0	0	0	0	0	0	0	0	0	0	0	0	0
0	0	0	0	0	0	0	0	0	0	0	0	0	0	0	0	0	0	0	0	0	0	0	0	0	0	0	0	0	0	0	0	0	0	0	0	0	0	0	0	0	0	0	0	0	0	0	0	0	0	0	0	0	0	0	0	0	0	4.01687506380073	3.41707725374939	0	0	0	0	0	0	0	0	0	0	3.71085652605957	3.54609447582455	3.45304913671603	3.22708369022815	0	0	0	3.31925915160939	0	0	0	0	0	0	0	0	0	0	0	0	0	0	0	0	0	0	0	0	0	3.21963636907051	0	0	0	3.22719332716993	0	0	0	0	0	0	0	0	0	0	0	0
0	0	0	0	0	0	0	0	0	0	0	0	0	0	0	0	0	0	0	0	0	0	0	0	0	0	0	0	0	0	0	0	0	0	0	0	0	0	0	0	0	0	0	0	0	0	0	0	0	0	0	0	0	0	3.00686182640203	0	0	0	0	3.55300047182127	0	0	0	0	0	0	3.19412714444978	4.04046971377202	0	0	3.02920893991686	0	0	3.52017761001892	0	0	0	0	0	0	0	0	3.12248284528553	0	3.75623835313837	0	3.16534764237354	3.12174774613482	3.64342048430617	3.05919570921357	0	0	0	0	0	0	0	0	0	0	0	0	0	0	0	0	0	0	0	0	3.01899665360172	0	0	0	0	0
0	0	0	0	0	0	0	0	0	0	0	0	0	0	0	0	0	0	0	0	0	0	0	0	0	0	0	0	0	0	0	0	0	0	0	0	0	0	0	0	0	0	0	0	0	0	0	0	0	0	3.25975760044426	3.04141386429943	0	3.18273749940389	0	3.08490069096923	0	0	3.10868452591934	0	0	0	0	0	0	0	3.12787011634092	0	0	0	0	3.39442162179105	3.61779877592155	0	0	0	0	3.74023467706559	0	0	0	0	0	0	0	3.12514136700401	0	0	3.53783244007812	3.36456517163056	0	0	0	0	0	3.13975589141864	0	0	0	0	0	0	0	3.06295881389905	0	0	0	0	0	0	3.32520407308124	0	0	0	0	3.13411055239176
0	0	0	0	0	0	0	0	0	0	0	0	0	0	0	0	0	0	0	0	0	0	0	0	0	0	0	0	0	0	0	0	0	0	0	0	0	0	0	0	0	0	0	0	0	0	0	0	0	0	0	3.44458707714947	0	3.24272352180225	3.02033998713231	3.02997609125963	0	0	0	3.07420037015566	3.57553561503386	0	0	0	0	0	0	3.12438704320188	0	0	0	3.92721411139541	0	3.68556103145597	0	0	3.06149054106816	3.39958575824295	0	0	0	0	3.20660254017352	0	3.09616082016488	0	3.22289558510450	3.46804304440971	3.51005724136396	3.53582733139332	0	0	0	0	0	0	0	0	0	0	0	0	0	0	0	0	0	0	0	0	0	0	0	0	0	0
0	0	0	0	0	0	0	0	0	0	0	0	0	0	0	0	0	0	0	0	0	0	0	0	0	0	0	0	0	0	0	0	0	0	0	0	0	0	0	0	0	0	0	0	0	0	0	0	0	0	0	0	0	0	0	0	0	0	3.58193935966173	0	0	0	0	3.01780399348966	0	3.62395684974842	3.64121792774285	3.18855512616385	0	0	0	0	0	0	0	0	0	3.63681796907090	0	0	0	0	0	0	0	3.79608936370808	0	0	0	3.26654857403887	0	0	0	0	0	0	0	0	0	0	0	0	0	0	0	0	0	0	0	0	0	0	0	0	0	0
0	0	0	0	0	0	0	0	0	0	0	0	0	0	0	0	0	0	0	0	0	0	0	0	0	0	0	0	0	0	0	0	0	0	0	0	0	0	0	0	0	0	0	0	0	0	0	0	0	0	0	0	0	0	0	0	0	0	0	0	0	0	0	0	0	0	0	0	0	0	0	0	0	3.42458361589225	0	0	3.12717469293618	0	0	0	0	0	0	0	3.47883961703436	0	0	0	0	0	0	0	0	0	0	0	0	0	0	0	0	0	0	0	0	0	0	0	0	0	0	0	0	0	0	0
0	0	0	0	0	0	0	0	0	0	0	0	0	0	0	0	0	0	0	0	0	0	0	0	0	0	0	0	0	0	0	0	0	0	0	0	0	0	0	0	0	0	0	0	0	0	0	0	0	0	0	0	0	0	0	0	0	0	0	0	0	0	0	0	0	0	3.22464820825346	0	0	0	0	3.27879641417748	0	0	0	0	0	0	0	0	0	0	0	0	0	0	0	0	0	3.00602019114730	0	0	0	0	0	0	0	0	0	0	0	0	0	0	0	0	0	0	0	0	0	0	0	0	0	0
0	0	0	0	0	0	0	0	0	0	0	0	0	0	0	0	0	0	0	0	0	0	0	0	0	0	0	0	0	0	0	0	0	0	0	0	0	0	0	0	0	0	0	0	0	0	0	0	0	0	0	0	0	0	0	3.28936957290528	0	0	3.42920371110331	0	0	0	0	0	0	0	0	3.34402645737024	0	0	3.17401976905074	3.96853811748460	0	0	0	0	0	0	0	0	0	0	0	0	0	0	0	0	0	3.60944899513155	0	0	0	0	0	0	0	0	0	0	0	0	0	0	0	0	0	0	0	0	0	0	0	0	0	0
0	0	0	0	0	0	0	0	0	0	0	0	0	0	0	0	0	0	0	0	0	0	0	0	0	0	0	0	0	0	0	0	0	0	0	0	0	0	0	0	0	0	0	0	0	0	0	0	0	0	0	0	0	0	0	0	0	0	0	3.38742584349769	0	0	0	0	0	0	0	3.21777770154488	0	0	3.96131691437810	3.38463969439486	4.01260921234175	3.24618076044719	0	0	0	3.19929377056315	0	0	0	0	0	0	3.92711186935484	3.01426985391732	3.42698363856278	0	3.64603297844363	0	0	0	0	0	0	0	0	0	0	0	0	0	0	0	0	0	0	0	0	0	0	0	0	0	0	0
0	0	0	0	0	0	0	0	0	0	0	0	0	0	0	0	0	0	0	0	0	0	0	0	0	0	0	0	0	0	0	0	0	0	0	0	0	0	0	0	0	0	0	0	0	0	0	0	0	0	0	0	0	0	0	0	0	0	0	0	3.07615597370222	0	0	0	0	0	0	0	0	0	0	0	0	0	0	0	0	0	0	0	0	0	0	0	0	0	0	0	0	0	0	0	0	0	0	0	0	0	0	0	0	0	0	0	0	0	0	0	0	0	0	0	0	0	0	0
0	0	0	0	0	0	0	0	0	0	0	0	0	0	0	0	0	0	0	0	0	0	0	0	0	0	0	0	0	0	0	0	0	0	0	0	0	0	0	0	0	0	0	0	0	0	0	0	0	0	0	0	0	0	0	0	0	0	0	0	0	0	0	3.10494099796921	0	0	0	0	3.31030812964504	0	3.22325059659910	0	0	0	0	0	0	0	0	0	0	0	0	0	0	0	0	0	0	0	0	0	0	0	0	0	0	0	0	0	0	0	0	0	0	0	0	0	0	0	0	0	0	0	0	0
0	0	0	0	0	0	0	0	0	0	0	0	0	0	0	0	0	0	0	0	0	0	0	0	0	0	0	0	0	0	0	0	0	0	0	0	0	0	0	0	0	0	0	0	0	0	0	0	0	0	0	0	0	0	0	0	0	0	0	3.44604731476422	0	0	0	0	0	0	3.03879506963495	3.65682467086311	0	0	0	3.75062881780435	0	3.34371393081239	0	0	0	3.51193940984036	0	0	0	0	0	0	0	0	0	0	0	0	0	0	0	0	0	3.54398388296225	0	3.94815351970698	0	0	0	0	0	3.35363798169817	0	3.22683121719355	0	0	0	0	3.88011137509897	0	0	0	0	0
0	0	0	0	0	0	0	0	0	0	0	0	0	0	0	0	0	0	0	0	0	0	0	0	0	0	0	0	0	0	0	0	0	0	0	0	0	0	0	0	0	0	0	0	0	0	0	0	0	0	0	0	0	0	0	0	0	0	0	0	3.02635527676205	0	0	0	0	3.21952019378902	0	3.11031036341871	0	0	3.78330051686958	4.32743700404375	3.04366638210822	0	0	0	3.26308578694553	3.90663036160671	0	0	0	0	0	0	0	3.00641570463738	0	0	0	3.03447793238155	0	0	0	0	0	3.52441497263025	0	0	0	0	0	0	0	0	0	0	0	0	0	3.41749702712509	0	0	0	3.68412659557491	0	0
0	0	0	0	0	0	0	0	0	0	0	0	0	0	0	0	0	0	0	0	0	0	0	0	0	0	0	0	0	0	0	0	0	0	0	0	0	0	0	0	0	0	0	0	0	0	0	0	0	0	0	0	0	0	0	0	0	0	0	0	0	0	0	0	0	0	0	0	0	0	0	0	0	0	0	0	0	0	0	0	0	0	0	0	0	0	0	0	0	0	0	0	0	0	0	0	0	0	0	0	0	0	0	0	0	0	0	0	0	0	0	0	0	0	0	0
0	0	0	0	0	0	0	0	0	0	0	0	0	0	0	0	0	0	0	0	0	0	0	0	0	0	0	0	0	0	0	0	0	0	0	0	0	0	0	0	0	0	0	0	0	0	0	0	0	0	0	0	0	0	0	0	0	0	0	0	0	0	0	3.06590762317187	0	0	0	0	0	0	0	0	0	0	0	0	0	0	0	0	0	0	0	0	0	3.25455757253092	0	0	0	3.17643174108400	0	0	0	0	0	0	0	0	0	0	0	0	0	0	0	0	0	0	0	0	0	0	0	0	0	0
0	0	0	0	0	0	0	0	0	0	0	0	0	0	0	0	0	0	0	0	0	0	0	0	0	0	0	0	0	0	0	0	0	0	0	0	0	0	0	0	0	0	0	0	0	0	0	0	0	0	0	0	0	0	0	0	0	0	0	0	0	0	0	0	0	0	0	0	0	0	0	0	0	0	0	0	0	0	0	0	0	0	3.01786465538068	0	0	0	0	0	0	0	0	0	0	0	0	0	0	0	0	0	0	0	0	0	0	0	0	0	0	0	0	0	0	0	0	0
0	0	0	0	0	0	0	0	0	0	0	0	0	0	0	0	0	0	0	0	0	0	0	0	0	0	0	0	0	0	0	0	0	0	0	0	0	0	0	0	0	0	0	0	0	0	0	0	0	0	0	0	0	0	0	0	0	0	0	0	0	0	0	0	0	3.03440428941482	0	0	0	0	0	0	0	0	0	0	0	0	0	0	0	0	0	0	0	0	0	0	0	0	0	0	0	0	0	0	0	0	0	0	0	0	0	0	0	0	0	0	0	0	0	0	0	0	0	0
0	0	0	0	0	0	0	0	0	0	0	0	0	0	0	0	0	0	0	0	0	0	0	0	0	0	0	0	0	0	0	0	0	0	0	0	0	0	0	0	0	0	0	0	0	0	0	0	0	0	0	0	0	0	0	0	0	0	0	0	0	0	0	0	0	0	0	0	0	0	0	0	0	0	0	0	0	0	0	0	0	0	0	0	0	0	0	0	0	0	0	0	0	0	0	0	0	0	0	0	0	0	0	0	0	0	0	0	0	0	0	0	0	0	0	0
0	0	0	0	0	0	0	0	0	0	0	0	0	0	0	0	0	0	0	0	0	0	0	0	0	0	0	0	0	0	0	0	0	0	0	0	0	0	0	0	0	0	0	0	0	0	0	0	0	0	0	0	0	0	0	0	0	0	0	0	0	0	0	0	0	0	0	3.97521722457216	0	0	0	0	0	0	0	0	0	0	0	0	0	0	0	0	0	3.02757640492199	0	0	0	3.33942253256619	0	0	0	0	0	3.89431306664389	0	0	0	0	0	0	0	0	0	3.09305627663923	0	0	0	0	0	0	0	0	0	0
0	0	0	0	0	0	0	0	0	0	0	0	0	0	0	0	0	0	0	0	0	0	0	0	0	0	0	0	0	0	0	0	0	0	0	0	0	0	0	0	0	0	0	0	0	0	0	0	0	0	0	0	0	0	0	0	0	0	0	0	0	0	0	0	0	0	0	3.83251987126171	0	0	0	3.97896970501643	0	3.20140721236267	0	0	0	3.15874830591034	0	0	0	0	0	0	3.24193703774883	0	0	3.21621455345711	0	3.36088843413586	0	0	0	0	0	0	0	3.87101325854058	0	0	0	0	0	3.34629696841830	0	3.40898122723357	0	0	0	0	3.25653503150507	0	0	0	0	0
0	0	0	0	0	0	0	0	0	0	0	0	0	0	0	0	0	0	0	0	0	0	0	0	0	0	0	0	0	0	0	0	0	0	0	0	0	0	0	0	0	0	0	0	0	0	0	0	0	0	0	0	0	0	0	0	0	0	0	0	0	0	0	0	0	0	0	0	3.33738749342287	0	3.47560876913821	4.26620600226759	3.34893549857702	0	0	0	0	3.92791079400049	0	0	0	0	3.00262199678578	0	0	0	3.28819957441548	3.26180961947886	3.59813219284592	3.33115401164311	0	0	0	0	0	3.49268250703525	0	0	0	0	0	0	0	3.01244994740490	0	0	0	0	0	3.35007873545183	0	0	0	0	0	0
0	0	0	0	0	0	0	0	0	0	0	0	0	0	0	0	0	0	0	0	0	0	0	0	0	0	0	0	0	0	0	0	0	0	0	0	0	0	0	0	0	0	0	0	0	0	0	0	0	0	0	0	0	0	0	0	0	0	0	0	0	0	0	0	0	0	0	0	0	3.42470998642784	0	4.25779142710691	0	3.63867689146057	0	0	0	3.53517710249640	0	0	0	0	0	0	0	0	3.77994008960766	0	3.27253049479035	0	0	0	0	0	0	0	0	0	0	0	0	0	0	0	0	0	0	0	0	0	0	0	0	0	0	0
0	0	0	0	0	0	0	0	0	0	0	0	0	0	0	0	0	0	0	0	0	0	0	0	0	0	0	0	0	0	0	0	0	0	0	0	0	0	0	0	0	0	0	0	0	0	0	0	0	0	0	0	0	0	0	0	0	0	0	0	0	0	0	0	0	0	0	0	0	0	3.79974622130162	3.64989986559756	0	0	0	0	0	0	0	0	0	0	0	0	0	0	0	0	0	0	0	0	0	0	0	0	0	0	0	0	0	0	0	0	0	0	0	0	0	0	0	0	0	3.11308111604401	0	0
0	0	0	0	0	0	0	0	0	0	0	0	0	0	0	0	0	0	0	0	0	0	0	0	0	0	0	0	0	0	0	0	0	0	0	0	0	0	0	0	0	0	0	0	0	0	0	0	0	0	0	0	0	0	0	0	0	0	0	0	0	0	0	0	0	0	0	0	0	0	0	4.26479248729277	3.23750292746713	5.37881482099515	0	0	0	4.65114370142288	0	0	0	0	0	0	0	0	0	0	0	3.97871790547513	0	3.83907224156565	0	4.27267887293804	3.10025067481679	3.76318984694347	0	3.12903097286007	0	0	0	4.33799275865665	0	4.56719559253276	0	4.22722138413762	0	0	4.81604490002429	4.72429417000333	0	0	0	5.16239256825595	4.77388164128538	4.79301124299623
0	0	0	0	0	0	0	0	0	0	0	0	0	0	0	0	0	0	0	0	0	0	0	0	0	0	0	0	0	0	0	0	0	0	0	0	0	0	0	0	0	0	0	0	0	0	0	0	0	0	0	0	0	0	0	0	0	0	0	0	0	0	0	0	0	0	0	0	0	0	0	0	4.71687213314198	0	0	0	4.31190156438248	3.75720948704513	0	0	0	0	0	0	0	0	0	0	3.90082688368219	3.22414109256572	3.09861834591373	3.87330673475245	3.64600433700313	3.89418896693211	4.05187789607476	3.22880573696654	3.39885520354416	0	0	0	0	3.71329323941618	3.85226266570179	4.08783171489255	3.41927726710955	3.37501454811423	0	0	4.48473286150449	4.04572879550558	0	0	0	4.54973176696390	4.58561659706405	4.38753223752833
0	0	0	0	0	0	0	0	0	0	0	0	0	0	0	0	0	0	0	0	0	0	0	0	0	0	0	0	0	0	0	0	0	0	0	0	0	0	0	0	0	0	0	0	0	0	0	0	0	0	0	0	0	0	0	0	0	0	0	0	0	0	0	0	0	0	0	0	0	0	0	0	0	4.43655435038330	0	3.39774514329054	0	4.44238883152757	0	0	0	0	0	0	0	0	0	0	0	3.99625446098424	0	3.06789020349639	0	3.79012512309749	0	3.80487733009419	0	3.04241921056945	0	0	0	3.72573933410947	0	4.08118321461247	0	3.89372366458888	0	0	3.86759500320978	4.14476371246747	0	0	0	0	3.93103231681653	3.58062968359899
0	0	0	0	0	0	0	0	0	0	0	0	0	0	0	0	0	0	0	0	0	0	0	0	0	0	0	0	0	0	0	0	0	0	0	0	0	0	0	0	0	0	0	0	0	0	0	0	0	0	0	0	0	0	0	0	0	0	0	0	0	0	0	0	0	0	0	0	0	0	0	0	0	0	0	4.35065213164032	3.79584185334501	3.34032746072513	0	0	0	0	0	0	3.73361336286662	0	0	0	4.14933539779628	0	0	0	0	3.10775041625945	4.14645346015660	0	0	0	0	0	0	0	3.60495984572531	3.36032558075593	3.46090384002845	0	0	0	4.12408827262612	3.80270400887577	0	0	0	4.23400522700591	4.17554471512432	3.74592896199247
0	0	0	0	0	0	0	0	0	0	0	0	0	0	0	0	0	0	0	0	0	0	0	0	0	0	0	0	0	0	0	0	0	0	0	0	0	0	0	0	0	0	0	0	0	0	0	0	0	0	0	0	0	0	0	0	0	0	0	0	0	0	0	0	0	0	0	0	0	0	0	0	0	0	0	0	0	0	0	0	0	0	0	0	0	0	0	0	0	0	0	0	0	0	0	0	0	0	0	0	0	0	0	0	0	0	0	0	0	0	0	0	0	0	0	0
0	0	0	0	0	0	0	0	0	0	0	0	0	0	0	0	0	0	0	0	0	0	0	0	0	0	0	0	0	0	0	0	0	0	0	0	0	0	0	0	0	0	0	0	0	0	0	0	0	0	0	0	0	0	0	0	0	0	0	0	0	0	0	0	0	0	0	0	0	0	0	0	0	0	0	0	0	3.85012025168803	0	0	0	0	0	0	0	0	0	0	0	0	0	3.00608149357376	0	3.23156466422285	0	0	0	0	0	0	0	3.15632606236617	0	3.20933683480137	0	0	0	0	0	4.25138375620213	0	0	0	4.53384265598456	0	3.14280421640549
0	0	0	0	0	0	0	0	0	0	0	0	0	0	0	0	0	0	0	0	0	0	0	0	0	0	0	0	0	0	0	0	0	0	0	0	0	0	0	0	0	0	0	0	0	0	0	0	0	0	0	0	0	0	0	0	0	0	0	0	0	0	0	0	0	0	0	0	0	0	0	0	0	0	0	0	0	3.65824349502072	0	0	0	0	3.38873105430580	0	0	0	0	0	0	0	0	0	0	3.27836089679264	0	3.18913220596135	3.16489914756657	0	0	0	0	3.05660023637501	0	3.43983747921860	0	0	0	0	3.66768099209716	3.25353900976829	0	0	0	3.84625472266930	3.82425769693879	3.76867677221320
0	0	0	0	0	0	0	0	0	0	0	0	0	0	0	0	0	0	0	0	0	0	0	0	0	0	0	0	0	0	0	0	0	0	0	0	0	0	0	0	0	0	0	0	0	0	0	0	0	0	0	0	0	0	0	0	0	0	0	0	0	0	0	0	0	0	0	0	0	0	0	0	0	0	0	0	0	0	0	0	0	0	0	0	0	0	0	3.39633477943672	3.56104947342524	3.33737286082440	0	0	3.04973188344100	0	3.30631392470510	0	0	0	0	0	3.10376054796133	0	3.33262677322721	0	0	0	0	0	3.93021097143085	0	0	0	0	3.67283017408311	4.06149886414296	3.97941541136349
0	0	0	0	0	0	0	0	0	0	0	0	0	0	0	0	0	0	0	0	0	0	0	0	0	0	0	0	0	0	0	0	0	0	0	0	0	0	0	0	0	0	0	0	0	0	0	0	0	0	0	0	0	0	0	0	0	0	0	0	0	0	0	0	0	0	0	0	0	0	0	0	0	0	0	0	0	0	0	0	0	0	0	0	0	0	0	0	0	0	0	0	0	0	0	0	0	0	0	0	0	0	0	0	0	0	0	0	0	0	0	0	0	0	0	0
0	0	0	0	0	0	0	0	0	0	0	0	0	0	0	0	0	0	0	0	0	0	0	0	0	0	0	0	0	0	0	0	0	0	0	0	0	0	0	0	0	0	0	0	0	0	0	0	0	0	0	0	0	0	0	0	0	0	0	0	0	0	0	0	0	0	0	0	0	0	0	0	0	0	0	0	0	0	0	0	0	0	0	0	0	0	0	0	0	0	0	0	0	0	0	0	0	0	0	0	0	0	0	0	0	0	0	0	0	0	0	0	0	0	0	0
0	0	0	0	0	0	0	0	0	0	0	0	0	0	0	0	0	0	0	0	0	0	0	0	0	0	0	0	0	0	0	0	0	0	0	0	0	0	0	0	0	0	0	0	0	0	0	0	0	0	0	0	0	0	0	0	0	0	0	0	0	0	0	0	0	0	0	0	0	0	0	0	0	0	0	0	0	0	0	0	0	0	0	0	0	0	0	0	0	0	0	0	0	0	0	0	0	0	0	0	0	0	0	0	0	0	0	0	0	0	0	0	0	0	0	0
0	0	0	0	0	0	0	0	0	0	0	0	0	0	0	0	0	0	0	0	0	0	0	0	0	0	0	0	0	0	0	0	0	0	0	0	0	0	0	0	0	0	0	0	0	0	0	0	0	0	0	0	0	0	0	0	0	0	0	0	0	0	0	0	0	0	0	0	0	0	0	0	0	0	0	0	0	0	0	0	0	0	0	0	0	0	0	0	0	0	0	0	0	0	0	0	0	0	0	0	0	0	0	0	0	0	0	0	0	0	0	0	0	0	0	0
0	0	0	0	0	0	0	0	0	0	0	0	0	0	0	0	0	0	0	0	0	0	0	0	0	0	0	0	0	0	0	0	0	0	0	0	0	0	0	0	0	0	0	0	0	0	0	0	0	0	0	0	0	0	0	0	0	0	0	0	0	0	0	0	0	0	0	0	0	0	0	0	0	0	0	0	0	0	0	0	0	0	0	0	0	0	0	0	0	0	0	0	0	0	0	0	0	0	0	0	0	0	0	0	0	0	0	0	0	0	0	0	0	0	0	0
0	0	0	0	0	0	0	0	0	0	0	0	0	0	0	0	0	0	0	0	0	0	0	0	0	0	0	0	0	0	0	0	0	0	0	0	0	0	0	0	0	0	0	0	0	0	0	0	0	0	0	0	0	0	0	0	0	0	0	0	0	0	0	0	0	0	0	0	0	0	0	0	0	0	0	0	0	0	0	0	0	0	0	0	0	0	0	0	0	0	0	0	0	0	0	0	0	0	0	0	0	0	0	0	0	0	0	0	0	0	0	0	0	0	0	0
0	0	0	0	0	0	0	0	0	0	0	0	0	0	0	0	0	0	0	0	0	0	0	0	0	0	0	0	0	0	0	0	0	0	0	0	0	0	0	0	0	0	0	0	0	0	0	0	0	0	0	0	0	0	0	0	0	0	0	0	0	0	0	0	0	0	0	0	0	0	0	0	0	0	0	0	0	0	0	0	0	0	0	0	0	0	0	3.50905049501904	0	3.78950919943991	0	0	0	0	0	0	0	0	0	0	0	0	0	0	0	0	0	0	0	0	0	0	0	0	0	0
0	0	0	0	0	0	0	0	0	0	0	0	0	0	0	0	0	0	0	0	0	0	0	0	0	0	0	0	0	0	0	0	0	0	0	0	0	0	0	0	0	0	0	0	0	0	0	0	0	0	0	0	0	0	0	0	0	0	0	0	0	0	0	0	0	0	0	0	0	0	0	0	0	0	0	0	0	0	0	0	0	0	0	0	0	0	0	0	0	0	0	0	0	0	0	0	0	0	0	0	0	0	0	0	0	0	0	0	0	0	0	0	0	0	0	0
0	0	0	0	0	0	0	0	0	0	0	0	0	0	0	0	0	0	0	0	0	0	0	0	0	0	0	0	0	0	0	0	0	0	0	0	0	0	0	0	0	0	0	0	0	0	0	0	0	0	0	0	0	0	0	0	0	0	0	0	0	0	0	0	0	0	0	0	0	0	0	0	0	0	0	0	0	0	0	0	0	0	0	0	0	0	0	0	0	0	0	0	0	0	0	0	0	0	0	0	0	0	0	0	0	0	0	0	0	0	0	0	0	0	0	0
0	0	0	0	0	0	0	0	0	0	0	0	0	0	0	0	0	0	0	0	0	0	0	0	0	0	0	0	0	0	0	0	0	0	0	0	0	0	0	0	0	0	0	0	0	0	0	0	0	0	0	0	0	0	0	0	0	0	0	0	0	0	0	0	0	0	0	0	0	0	0	0	0	0	0	0	0	0	0	0	0	0	0	0	0	0	0	0	3.38033886669005	0	0	0	0	0	0	0	0	0	0	0	0	0	0	0	0	0	0	0	0	0	0	0	0	0	0	0
0	0	0	0	0	0	0	0	0	0	0	0	0	0	0	0	0	0	0	0	0	0	0	0	0	0	0	0	0	0	0	0	0	0	0	0	0	0	0	0	0	0	0	0	0	0	0	0	0	0	0	0	0	0	0	0	0	0	0	0	0	0	0	0	0	0	0	0	0	0	0	0	0	0	0	0	0	0	0	0	0	0	0	0	0	0	0	0	0	3.81556403391108	0	0	0	0	0	0	0	0	0	0	0	0	0	0	0	0	0	0	0	0	0	0	0	0	0	0
0	0	0	0	0	0	0	0	0	0	0	0	0	0	0	0	0	0	0	0	0	0	0	0	0	0	0	0	0	0	0	0	0	0	0	0	0	0	0	0	0	0	0	0	0	0	0	0	0	0	0	0	0	0	0	0	0	0	0	0	0	0	0	0	0	0	0	0	0	0	0	0	0	0	0	0	0	0	0	0	0	0	0	0	0	0	0	0	0	0	0	0	0	0	0	0	0	0	0	0	0	0	0	0	0	0	0	0	0	0	0	0	0	0	0	0
0	0	0	0	0	0	0	0	0	0	0	0	0	0	0	0	0	0	0	0	0	0	0	0	0	0	0	0	0	0	0	0	0	0	0	0	0	0	0	0	0	0	0	0	0	0	0	0	0	0	0	0	0	0	0	0	0	0	0	0	0	0	0	0	0	0	0	0	0	0	0	0	0	0	0	0	0	0	0	0	0	0	0	0	0	0	0	0	0	0	0	0	0	0	0	0	3.69657959107411	0	0	0	0	0	0	0	0	0	0	0	0	0	0	0	0	0	0	0
0	0	0	0	0	0	0	0	0	0	0	0	0	0	0	0	0	0	0	0	0	0	0	0	0	0	0	0	0	0	0	0	0	0	0	0	0	0	0	0	0	0	0	0	0	0	0	0	0	0	0	0	0	0	0	0	0	0	0	0	0	0	0	0	0	0	0	0	0	0	0	0	0	0	0	0	0	0	0	0	0	0	0	0	0	0	0	0	0	0	0	0	0	0	0	0	0	0	0	3.20202224867170	0	0	0	0	0	3.22824883264524	0	3.64050718345783	0	0	0	0	0	0	0	0
0	0	0	0	0	0	0	0	0	0	0	0	0	0	0	0	0	0	0	0	0	0	0	0	0	0	0	0	0	0	0	0	0	0	0	0	0	0	0	0	0	0	0	0	0	0	0	0	0	0	0	0	0	0	0	0	0	0	0	0	0	0	0	0	0	0	0	0	0	0	0	0	0	0	0	0	0	0	0	0	0	0	0	0	0	0	0	0	0	0	0	0	0	0	0	0	3.05032078055890	0	0	0	0	0	0	0	0	0	0	0	0	0	0	0	0	0	0	0
0	0	0	0	0	0	0	0	0	0	0	0	0	0	0	0	0	0	0	0	0	0	0	0	0	0	0	0	0	0	0	0	0	0	0	0	0	0	0	0	0	0	0	0	0	0	0	0	0	0	0	0	0	0	0	0	0	0	0	0	0	0	0	0	0	0	0	0	0	0	0	0	0	0	0	0	0	0	0	0	0	0	0	0	0	0	0	0	0	0	0	0	0	0	0	0	0	0	0	3.07869290381397	0	0	0	0	0	0	0	0	0	0	0	0	0	0	0	0
0	0	0	0	0	0	0	0	0	0	0	0	0	0	0	0	0	0	0	0	0	0	0	0	0	0	0	0	0	0	0	0	0	0	0	0	0	0	0	0	0	0	0	0	0	0	0	0	0	0	0	0	0	0	0	0	0	0	0	0	0	0	0	0	0	0	0	0	0	0	0	0	0	0	0	0	0	0	0	0	0	0	0	0	0	0	0	0	0	0	0	0	0	0	0	0	0	0	3.33887450974326	0	0	0	0	0	0	0	0	0	0	0	0	0	0	0	3.22235540787366	0
0	0	0	0	0	0	0	0	0	0	0	0	0	0	0	0	0	0	0	0	0	0	0	0	0	0	0	0	0	0	0	0	0	0	0	0	0	0	0	0	0	0	0	0	0	0	0	0	0	0	0	0	0	0	0	0	0	0	0	0	0	0	0	0	0	0	0	0	0	0	0	0	0	0	0	0	0	0	0	0	0	0	0	0	0	0	0	0	0	0	0	0	0	0	0	0	0	0	0	0	0	0	0	0	0	0	0	0	0	3.57864817034264	0	0	0	0	0	0
0	0	0	0	0	0	0	0	0	0	0	0	0	0	0	0	0	0	0	0	0	0	0	0	0	0	0	0	0	0	0	0	0	0	0	0	0	0	0	0	0	0	0	0	0	0	0	0	0	0	0	0	0	0	0	0	0	0	0	0	0	0	0	0	0	0	0	0	0	0	0	0	0	0	0	0	0	0	0	0	0	0	0	0	0	0	0	0	0	0	0	0	0	0	0	0	0	0	3.04221036436213	0	3.18121704834706	0	0	0	3.59388769704262	0	3.30072938124254	0	0	0	3.02400792433565	0	0	0	0	0
0	0	0	0	0	0	0	0	0	0	0	0	0	0	0	0	0	0	0	0	0	0	0	0	0	0	0	0	0	0	0	0	0	0	0	0	0	0	0	0	0	0	0	0	0	0	0	0	0	0	0	0	0	0	0	0	0	0	0	0	0	0	0	0	0	0	0	0	0	0	0	0	0	0	0	0	0	0	0	0	0	0	0	0	0	0	0	0	0	0	0	0	0	0	0	0	0	0	0	3.14001551097687	0	0	0	0	0	0	0	3.09429033746428	0	3.21177788743140	0	0	0	0	0	0
0	0	0	0	0	0	0	0	0	0	0	0	0	0	0	0	0	0	0	0	0	0	0	0	0	0	0	0	0	0	0	0	0	0	0	0	0	0	0	0	0	0	0	0	0	0	0	0	0	0	0	0	0	0	0	0	0	0	0	0	0	0	0	0	0	0	0	0	0	0	0	0	0	0	0	0	0	0	0	0	0	0	0	0	0	0	0	0	0	0	0	0	0	0	0	0	0	0	0	0	0	0	0	0	3.14593540536218	0	3.08263194113131	0	0	0	0	0	0	0	0	0
0	0	0	0	0	0	0	0	0	0	0	0	0	0	0	0	0	0	0	0	0	0	0	0	0	0	0	0	0	0	0	0	0	0	0	0	0	0	0	0	0	0	0	0	0	0	0	0	0	0	0	0	0	0	0	0	0	0	0	0	0	0	0	0	0	0	0	0	0	0	0	0	0	0	0	0	0	0	0	0	0	0	0	0	0	0	0	0	0	0	0	0	0	0	0	0	0	0	0	0	0	0	0	0	0	3.21362893486078	0	3.71691927007584	0	0	0	0	0	0	0	0
0	0	0	0	0	0	0	0	0	0	0	0	0	0	0	0	0	0	0	0	0	0	0	0	0	0	0	0	0	0	0	0	0	0	0	0	0	0	0	0	0	0	0	0	0	0	0	0	0	0	0	0	0	0	0	0	0	0	0	0	0	0	0	0	0	0	0	0	0	0	0	0	0	0	0	0	0	0	0	0	0	0	0	0	0	0	0	0	0	0	0	0	0	0	0	0	0	0	0	0	0	0	0	0	0	0	0	0	0	0	0	0	0	0	0	0
0	0	0	0	0	0	0	0	0	0	0	0	0	0	0	0	0	0	0	0	0	0	0	0	0	0	0	0	0	0	0	0	0	0	0	0	0	0	0	0	0	0	0	0	0	0	0	0	0	0	0	0	0	0	0	0	0	0	0	0	0	0	0	0	0	0	0	0	0	0	0	0	0	0	0	0	0	0	0	0	0	0	0	0	0	0	0	0	0	0	0	0	0	0	0	0	0	0	0	0	0	0	0	0	0	0	0	0	0	0	0	0	0	0	0	0
0	0	0	0	0	0	0	0	0	0	0	0	0	0	0	0	0	0	0	0	0	0	0	0	0	0	0	0	0	0	0	0	0	0	0	0	0	0	0	0	0	0	0	0	0	0	0	0	0	0	0	0	0	0	0	0	0	0	0	0	0	0	0	0	0	0	0	0	0	0	0	0	0	0	0	0	0	0	0	0	0	0	0	0	0	0	0	0	0	0	0	0	0	0	0	0	0	0	0	0	0	0	0	0	0	0	0	0	3.14694226279799	0	0	0	0	0	0	0
0	0	0	0	0	0	0	0	0	0	0	0	0	0	0	0	0	0	0	0	0	0	0	0	0	0	0	0	0	0	0	0	0	0	0	0	0	0	0	0	0	0	0	0	0	0	0	0	0	0	0	0	0	0	0	0	0	0	0	0	0	0	0	0	0	0	0	0	0	0	0	0	0	0	0	0	0	0	0	0	0	0	0	0	0	0	0	0	0	0	0	0	0	0	0	0	0	0	0	0	0	0	0	0	0	0	0	3.14508250772443	0	3.15972967607822	0	0	0	0	0	0
0	0	0	0	0	0	0	0	0	0	0	0	0	0	0	0	0	0	0	0	0	0	0	0	0	0	0	0	0	0	0	0	0	0	0	0	0	0	0	0	0	0	0	0	0	0	0	0	0	0	0	0	0	0	0	0	0	0	0	0	0	0	0	0	0	0	0	0	0	0	0	0	0	0	0	0	0	0	0	0	0	0	0	0	0	0	0	0	0	0	0	0	0	0	0	0	0	0	0	0	0	0	0	0	0	0	0	0	0	0	3.50714137758729	0	0	0	0	0
0	0	0	0	0	0	0	0	0	0	0	0	0	0	0	0	0	0	0	0	0	0	0	0	0	0	0	0	0	0	0	0	0	0	0	0	0	0	0	0	0	0	0	0	0	0	0	0	0	0	0	0	0	0	0	0	0	0	0	0	0	0	0	0	0	0	0	0	0	0	0	0	0	0	0	0	0	0	0	0	0	0	0	0	0	0	0	0	0	0	0	0	0	0	0	0	0	0	0	0	0	0	0	0	0	0	0	4.29750271800912	0	3.59723566744413	0	0	0	0	0	0
0	0	0	0	0	0	0	0	0	0	0	0	0	0	0	0	0	0	0	0	0	0	0	0	0	0	0	0	0	0	0	0	0	0	0	0	0	0	0	0	0	0	0	0	0	0	0	0	0	0	0	0	0	0	0	0	0	0	0	0	0	0	0	0	0	0	0	0	0	0	0	0	0	0	0	0	0	0	0	0	0	0	0	0	0	0	0	0	0	0	0	0	0	0	0	0	0	0	0	0	0	0	0	0	0	0	0	0	0	0	3.58378874944645	0	0	0	3.37230756477664	0
0	0	0	0	0	0	0	0	0	0	0	0	0	0	0	0	0	0	0	0	0	0	0	0	0	0	0	0	0	0	0	0	0	0	0	0	0	0	0	0	0	0	0	0	0	0	0	0	0	0	0	0	0	0	0	0	0	0	0	0	0	0	0	0	0	0	0	0	0	0	0	0	0	0	0	0	0	0	0	0	0	0	0	0	0	0	0	0	0	0	0	0	0	0	0	0	0	0	0	0	0	0	0	0	0	0	0	0	0	0	0	3.47161659520066	0	0	0	0
0	0	0	0	0	0	0	0	0	0	0	0	0	0	0	0	0	0	0	0	0	0	0	0	0	0	0	0	0	0	0	0	0	0	0	0	0	0	0	0	0	0	0	0	0	0	0	0	0	0	0	0	0	0	0	0	0	0	0	0	0	0	0	0	0	0	0	0	0	0	0	0	0	0	0	0	0	0	0	0	0	0	0	0	0	0	0	0	0	0	0	0	0	0	0	0	0	0	0	0	0	0	0	0	0	0	0	0	0	0	0	0	0	0	3.41560975967947	0
0	0	0	0	0	0	0	0	0	0	0	0	0	0	0	0	0	0	0	0	0	0	0	0	0	0	0	0	0	0	0	0	0	0	0	0	0	0	0	0	0	0	0	0	0	0	0	0	0	0	0	0	0	0	0	0	0	0	0	0	0	0	0	0	0	0	0	0	0	0	0	0	0	0	0	0	0	0	0	0	0	0	0	0	0	0	0	0	0	0	0	0	0	0	0	0	0	0	0	0	0	0	0	0	0	0	0	0	0	0	0	0	0	3.09329408921936	0	3.95908894549970
0	0	0	0	0	0	0	0	0	0	0	0	0	0	0	0	0	0	0	0	0	0	0	0	0	0	0	0	0	0	0	0	0	0	0	0	0	0	0	0	0	0	0	0	0	0	0	0	0	0	0	0	0	0	0	0	0	0	0	0	0	0	0	0	0	0	0	0	0	0	0	0	0	0	0	0	0	0	0	0	0	0	0	0	0	0	0	0	0	0	0	0	0	0	0	0	0	0	0	0	0	0	0	0	0	0	0	0	0	0	0	0	0	0	0	0
0	0	0	0	0	0	0	0	0	0	0	0	0	0	0	0	0	0	0	0	0	0	0	0	0	0	0	0	0	0	0	0	0	0	0	0	0	0	0	0	0	0	0	0	0	0	0	0	0	0	0	0	0	0	0	0	0	0	0	0	0	0	0	0	0	0	0	0	0	0	0	0	0	0	0	0	0	0	0	0	0	0	0	0	0	0	0	0	0	0	0	0	0	0	0	0	0	0	0	0	0	0	0	0	0	0	0	0	0	0	0	0	0	0	0	0
0	0	0	0	0	0	0	0	0	0	0	0	0	0	0	0	0	0	0	0	0	0	0	0	0	0	0	0	0	0	0	0	0	0	0	0	0	0	0	0	0	0	0	0	0	0	0	0	0	0	0	0	0	0	0	0	0	0	0	0	0	0	0	0	0	0	0	0	0	0	0	0	0	0	0	0	0	0	0	0	0	0	0	0	0	0	0	0	0	0	0	0	0	0	0	0	0	0	0	0	0	0	0	0	0	0	0	0	0	0	0	0	0	0	0	0
0	0	0	0	0	0	0	0	0	0	0	0	0	0	0	0	0	0	0	0	0	0	0	0	0	0	0	0	0	0	0	0	0	0	0	0	0	0	0	0	0	0	0	0	0	0	0	0	0	0	0	0	0	0	0	0	0	0	0	0	0	0	0	0	0	0	0	0	0	0	0	0	0	0	0	0	0	0	0	0	0	0	0	0	0	0	0	0	0	0	0	0	0	0	0	0	0	0	0	0	0	0	0	0	0	0	0	0	0	0	0	0	0	0	0	0
0	0	0	0	0	0	0	0	0	0	0	0	0	0	0	0	0	0	0	0	0	0	0	0	0	0	0	0	0	0	0	0	0	0	0	0	0	0	0	0	0	0	0	0	0	0	0	0	0	0	0	0	0	0	0	0	0	0	0	0	0	0	0	0	0	0	0	0	0	0	0	0	0	0	0	0	0	0	0	0	0	0	0	0	0	0	0	0	0	0	0	0	0	0	0	0	0	0	0	0	0	0	0	0	0	0	0	0	0	0	0	0	0	0	0	0
0	0	0	0	0	0	0	0	0	0	0	0	0	0	0	0	0	0	0	0	0	0	0	0	0	0	0	0	0	0	0	0	0	0	0	0	0	0	0	0	0	0	0	0	0	0	0	0	0	0	0	0	0	0	0	0	0	0	0	0	0	0	0	0	0	0	0	0	0	0	0	0	0	0	0	0	0	0	0	0	0	0	0	0	0	0	0	0	0	0	0	0	0	0	0	0	0	0	0	0	0	0	0	0	0	0	0	0	0	0	0	0	0	0	0	0