'modules'
1
1
1
1
1
1
1
1
1
1
1
1
1
1
1
1
1
1
1
1
1
1
3
1
1
3
1
3
1
1
1
1
3
4
4
4
4
4
4
4
2
4
4
4
4
4
2
2
2
2
3
3
11
4
3
12
1
12
11
3
3
3
11
11
11
12
3
12
14
9
5
5
5
5
5
5
5
5
5
5
5
5
5
5
5
5
5
5
5
5
5
5
5
5
5
5
5
5
5
5
5
5
5
5
5
5
5
5
5
5
5
5
5
5
6
6
6
6
5
5
5
5
14
5
14
5
5
5
5
14
6
14
5
14
5
14
5
11
5
14
14
11
8
14
14
5
14
3
3
9
9
9
9
9
9
9
9
9
9
3
9
9
9
10
10
10
10
10
10
10
10
10
10
10
10
10
9
9
11
11
13
14
13
13
13
14
14
14
7
7
7
7
7
7
7
7
7
7
7
7
7
7
7
7
7
7
7
7
7
7
7
7
7
7
7
7
7
7
7
14
14
14
14
12
14
12
12
9
8
8
8
8
8
8
8
8
8
12
8
8
8
8
8
8
8
8
8
8
8
9
8
8
8
8
14
14
12
14
12
14
14
12
14
14
