4
10
11
4
13
4
6
13
6
1
7
3
8
8
13
13
13
7
7
13
2
2
12
6
4
4
2
2
9
10
10
10
10
2
10
10
10
10
11
2
5
5
5
4
10
10
10
10
5
10
5
5
11
10
5
10
10
10
11
12
12
12
2
1
1
1
1
1
1
1
2
2
7
5
12
2
1
6
12
12
2
2
9
2
12
12
5
5
3
13
5
5
3
4
5
6
13
13
13
5
2
1
2
1
2
5
5
6
6
5
2
2
5
4
7
4
4
7
7
7
7
7
7
7
7
4
4
7
7
8
13
13
7
7
7
13
13
13
13
13
13
7
8
7
4
4
2
6
6
4
4
4
2
4
5
4
4
12
7
1
12
4
10
11
4
13
6
6
13
6
1
7
3
8
13
13
13
7
7
2
2
6
9
4
2
4
2
2
5
10
10
2
10
10
10
2
11
2
5
4
10
10
5
10
10
10
10
5
10
10
5
11
10
10
10
10
10
11
2
4
12
12
2
1
4
12
1
12
12
1
12
1
1
2
2
5
12
2
1
6
12
12
12
1
2
2
9
2
2
5
13
5
5
3
13
13
4
13
4
6
6
5
13
13
13
5
13
1
1
10
5
6
6
2
5
6
6
4
4
7
7
7
7
7
7
7
7
7
7
4
7
7
13
8
8
7
7
13
13
7
7
7
7
7
7
7
13
13
13
13
13
7
8
7
4
4
2
2
6
6
4
4
4
4
4
4
6
6
1
1
4
12
12
14
14
14
14
14
14
14
14
14
14
14
14
14
14
15
15
15
15
15
15
15
15
15
15
15
15
15
15
15
15
15
15
15
15
15
15
15
15
15
15
15
15