0.4202033067122102 -0.4483171212486923 -0.06660865340381861
-0.004523164592683315 -0.7277602734975517 -0.6572754555381835
0.17951623536646366 -0.4414912569336593 -0.8808653834275901
0.708908406086266 0.3703520614653826 0.5346574345603585
0.8902366166003048 0.23793470533564687 -0.8717992762103677
0.31472097197547555 -0.9730415446683764 -0.7834960035979748
0.3527533425949514 -0.809534439817071 -0.6303348653018475
0.011817872058600187 0.04146076599135995 0.49331733118742704
-0.21429296396672726 -0.3178003220818937 -0.8991748201660812
0.6037716432474554 0.8162850243970752 -0.9550323211587965
-0.008642650209367275 0.7464953470043838 0.49603693140670657
0.9503184561617672 -0.36601765593513846 0.054759052116423845
0.2905101217329502 0.9479504283517599 0.6593370838090777
-0.7031809375621378 -0.9876917917281389 0.8251635110937059
0.1744063780643046 -0.47261311393231153 -0.11884840205311775
-0.008295678533613682 -0.4206617344170809 0.3256303225643933
0.13411566615104675 -0.9161722077988088 0.24893077183514833
0.7146998918615282 -0.7747568674385548 0.18341653374955058
-0.044109105598181486 -0.3098108437843621 -0.6915981164202094
-0.7164291860535741 -0.1600078595802188 -0.33825041726231575
0.46032931096851826 0.8805483747273684 -0.75627899216488
-0.330409474670887 -0.294095273129642 0.5990827865898609
0.2470626039430499 -0.43257834669202566 -0.19457446737214923
0.8772894572466612 0.7389542204327881 0.8325049835257232
-0.7446620701812208 0.7445221720263362 0.5284929242916405
-0.15367916831746697 0.45249523781239986 -0.4782989202067256
-0.3854848179034889 0.6137584103271365 0.8834642465226352
0.10819156467914581 0.09037555428221822 0.541654490865767
0.8163291271775961 -0.4218772826716304 0.5432140463963151
-0.712535903789103 0.059154185466468334 -0.5714116394519806
0.1984394029714167 0.7259342856705189 -0.30330500891432166
0.7196411299519241 0.21088149771094322 -0.4242270076647401
0.008806041441857815 -0.37479194020852447 -0.671051477547735
-0.4282007431611419 0.23599474458023906 0.1008392502553761
-0.6936595686711371 0.5310210781171918 -0.8800940155051649
-0.7175012114457786 -0.020210599526762962 0.273937133140862
0.15137022966518998 0.5008694254793227 -0.27675632294267416
-0.6404868755489588 0.9311562152579427 -0.22435784246772528
0.22612394578754902 -0.11821046564728022 -0.2611824478954077
-0.19251272780820727 -0.20999468304216862 0.5259723761118948
0.4647190272808075 -0.19851960893720388 -0.40600180765613914
0.9348683482967317 0.41823413921520114 -0.0892645763233304
-0.5884553259238601 -0.8718034573830664 0.0873602177016437
-0.2009302736259997 0.021859752479940653 -0.8140909289941192
0.7438501128926873 0.4042684114538133 0.4021766888909042
0.34274836210533977 -0.9593823649920523 -0.8220841125585139
0.31313315546140075 0.4285639086738229 0.2683005756698549
0.4819635902531445 0.6116073438897729 0.6058768052607775
-0.8020536634139717 0.2461351128295064 0.6749912099912763
-0.6272710505872965 -0.5565507304854691 -0.02744871284812689
-0.08674563374370337 0.9581892071291804 0.8832635930739343
0.3513418226502836 -0.21185739198699594 -0.8885466298088431
0.6638651136308908 0.2258964003995061 0.27450916124507785
0.673514885827899 0.41916114231571555 0.8960173111408949
0.20000586519017816 -0.8085057162679732 -0.5146933975629508
0.8409079029224813 0.22419286333024502 -0.48977129673585296
0.6644987952895463 -0.10951856197789311 0.6755114649422467
0.6288298363797367 0.9899479923769832 -0.12843886343762279
-0.3787378300912678 0.3112514540553093 0.9864042825065553
-0.04271644586697221 -0.7782118311151862 -0.2011559666134417
-0.06787916738539934 0.9537320123054087 0.5545726981945336
0.3521903441287577 -0.8957936866208911 -0.13615849614143372
-0.10620151925832033 -0.1197088030166924 0.6860229237936437
-0.09418287733569741 0.8978775148279965 -0.3770960960537195
0.3061280813999474 0.5479053421877325 -0.32675660215318203
-0.4576768693514168 0.8066731989383698 -0.5701125641353428
0.06406807992607355 0.05510359536856413 0.4613716225139797
-0.3033613655716181 -0.4535941081121564 0.544207745231688
0.886151609942317 0.5094837448559701 -0.9091926869004965
0.3553147688508034 0.8251504548825324 0.5438541239127517
-0.8145926836878061 0.08375810319557786 0.8874369356781244
-0.5074585368856788 -0.28755842288956046 0.30000726552680135
-0.02410212205722928 0.6744101624935865 0.84397755516693
0.12476848252117634 0.8554668952710927 0.8607609365135431
0.8021328253671527 -0.19192831357941031 0.5369336656294763
0.0029339161701500416 0.24510951386764646 0.18857539212331176
-0.7743332851678133 -0.25806243205443025 -0.24937053862959146
0.7087427373044193 -0.20708000427111983 -0.4038051492534578
0.5492215203121305 -0.8621148588135839 -0.6259152325801551
-0.21901852544397116 0.0883249226026237 -0.4139308910816908
-0.046533226035535336 0.057532424572855234 0.44950214168056846
-0.342899726703763 0.4425474773161113 0.09403918357565999
0.6614459934644401 -0.9720840775407851 0.36910934187471867
-0.4873340302146971 0.7229241863824427 -0.9649289902299643
-0.3094967985525727 0.5574013278819621 0.6260024388320744
-0.21413829363882542 0.46986235631629825 0.5870581297203898
-0.3341579558327794 0.396958997938782 0.04994187084957957
-0.436241221614182 -0.2766217766329646 -0.6973628192208707
-0.7011330220848322 -0.49539524177089334 0.6170091833919287
-0.2719504372216761 -0.22213062457740307 0.06204677000641823
-0.1644828813150525 -0.4579443959519267 0.449491742067039
0.9650478037074208 0.8329539075493813 -0.4289880464784801
0.3437579972669482 0.9695864720270038 0.7884375592693686
0.783871762920171 0.19923093542456627 -0.5951556717045605
0.15653236210346222 -0.749052856117487 -0.1246208637021482
-0.07816148921847343 -0.45339377922937274 0.45777110755443573
0.6293851369991899 0.834226690698415 0.038167542312294245
-0.705456065479666 -0.42598844645544887 0.393479045946151
-0.7017539693042636 0.24982123263180256 -0.7193390452302992
-0.7232795683667064 0.03016371838748455 0.705278639215976
