1 2 8 8 0 10.19 0 -0.19189
0 1 38 38 0 1792.7 0.39612 2.8975
0 2 30 30 0 1397.8 0.66222 0.82752
0 2 9 9 0 67.04 0.59259 -0.24635
0 1 2 2 0 8.205 0.5 -1.2087
0 1 2 2 0 0 0 -0.64158
0 1 9 9 0 364.63 0.5679 -0.1508
0 2 9 9 0 40.034 0.59259 -0.24635
0 1 4 4 0 49.56 0 -0.38093
0 1 15 15 0 390.74 0.43556 0.41976
0 1 10 10 0 83.82 0 1.2618
0 2 7 7 0 6.3011 0 -0.39577
0 1 14 14 0 940.5 0.13265 2.0832
0 2 9 9 0 152.1 0.19753 0.71424
0 1 1 1 0 0 0 -1.2023
0 2 8 8 0 8.8796 0 -0.19189
0 1 3 3 0 0 0 -0.65472
0 1 7 7 0 7.4651 0.2449 0.079367
0 1 6 6 0 743.94 0.72222 -0.92852
1 2 16 16 0 280.61 0.49219 0.41976
1 1 15 15 0 513.58 0.42667 0.5381
0 1 5 5 0 292.4 0.56 -1.2113
0 2 4 4 0 6.0083 0.375 -0.5105
0 1 6 6 0 2.8369 0 0.16666
0 1 33 33 0 815.94 0.29752 2.6353
1 1 22 22 0 817.39 0.54132 0.93132
1 2 9 9 0 122.19 0.59259 0.48349
0 2 8 8 0 85.269 0.53125 -0.24835
0 1 4 4 0 33.076 0.375 -0.5105
0 1 2 2 0 3.9176 0.5 -1.0714
0 1 6 6 0 12.283 0.5 -0.61112
0 1 3 3 0 0 0 -0.5105
0 2 9 9 0 23.626 0.59259 -0.24635
0 2 7 7 0 40.702 0.40816 -0.1508
0 1 0 0 0 0 0 0
0 1 4 4 0 0.13333 0 -0.37943
0 1 3 3 0 1.1818 0 -0.65472
0 1 7 7 0 51.923 0.69388 -0.5105
0 1 1 1 0 0 0 -1.2023
0 1 12 12 0 60.154 0.54167 -0.39577
0 1 14 14 0 376.73 0.36735 0.41976
0 2 18 18 0 376.09 0.66667 0.82117
1 2 13 13 0 132.64 0.26036 0.41976
0 1 1 1 0 0 0 -1.6697
0 1 14 14 0 1623.5 0.13265 2.0832
0 1 8 8 0 99.111 0.71875 -1.4152
1 2 17 17 0 160.8 0.51211 0.41976
0 2 4 4 0 0 0 -0.38093
0 2 8 8 0 70.397 0 -0.19189
1 2 20 20 0 310.84 0.51 0.82752
0 1 18 18 0 291.26 0.54321 1.2302
0 1 4 4 0 10.645 0.375 -0.61112
1 2 26 26 0 996.48 0.65385 2.2445
0 2 5 5 0 14.286 0.48 -0.080582
0 1 7 7 0 19.838 0.2449 -0.11728
0 2 1 1 0 0 0 -1.6191
0 1 1 1 0 0 0 -1.0714
0 1 7 7 0 25.781 0.61224 -0.61112
0 2 5 5 0 22.304 0.48 -0.95804
1 2 19 19 0 372.47 0.19391 1.643
0 1 0 0 0 0 0 0
0 2 13 13 0 375.66 0 0.82752
0 1 2 2 0 0 0 -0.64158
0 2 7 7 0 84.164 0.44898 -0.24835
0 1 23 23 0 868.54 0.69187 1.2302
0 2 6 6 0 7.4452 0.27778 -0.24835
0 1 7 7 0 198.35 0.61224 -0.080582
0 1 7 7 0 28.025 0.2449 -0.11728
0 1 7 7 0 23.166 0.57143 -0.37943
0 2 3 3 0 17.143 0.44444 -1.2087
0 1 1 1 0 0 0 -1.0714
1 1 22 22 0 1053.9 0.76033 0.30953
1 1 9 9 0 56.57 0.37037 0.30953
0 1 3 3 0 8.8165 0.44444 -0.64158
0 2 14 14 0 207.92 0.54082 0.76986
0 1 8 8 0 33.339 0.21875 0.013797
0 1 7 7 0 36.087 0.4898 -0.37943
0 1 5 5 0 0.59175 0 -0.24835
0 1 8 8 0 56.551 0.53125 -0.1508
1 2 7 7 0 245.98 0.61224 0.48349
0 1 2 2 0 102.91 0.5 -1.2023
0 1 5 5 0 1025 0.72 -0.84128
0 1 8 8 0 962.22 0.40625 0.16666
1 1 39 39 0 1421 0.38133 3.0285
0 1 1 1 0 0 0 -0.77265
0 1 2 2 0 0 0 -0.92852
0 2 7 7 0 9.9096 0.4898 -0.60219
0 2 5 5 0 6.0209 0.32 -0.37943
0 2 8 8 0 8.1263 0 -0.19189
0 2 0 0 0 0 0 0
0 2 6 6 0 19.488 0.44444 -0.60219
1 2 15 15 0 168.68 0.41778 0.41976
0 2 28 28 0 495.42 0.52296 1.3245
1 1 23 23 0 570.53 0.58979 1.4603
0 2 14 14 0 936.76 0.70408 1.6116
1 1 11 11 0 257.78 0.71074 -0.38096
0 1 2 2 0 0 0 -0.84128
0 1 9 9 0 72.868 0 0.98804
0 2 5 5 0 18.385 0.64 -1.4152
0 1 2 2 0 0 0 -0.64158
0 2 5 5 0 2.1331 0.48 -0.5105
0 2 16 16 0 142.41 0.63281 0.46533
0 1 3 3 0 0.51671 0 -0.61112
0 2 14 14 0 449.93 0.33673 0.41976
0 1 5 5 0 0.79881 0.32 -0.38096
0 2 1 1 0 0 0 -1.6191
0 2 5 5 0 3.2276 0.32 -0.37943
0 1 9 9 0 211.49 0.19753 0.71424
0 1 8 8 0 35.792 0.59375 -0.37943
0 1 13 13 0 239.83 0.48521 0.76986
0 1 11 11 0 210.68 0.5124 0.30953
0 1 4 4 0 13.892 0.375 -0.5105
0 1 11 11 0 597.04 0.64463 -0.11728
0 1 13 13 0 769.55 0.47337 0.76986
0 2 35 35 0 1466.9 0.59918 2.2547
0 2 4 4 0 1.4229 0 -1.0074
0 1 4 4 0 69.236 0 -0.38093
1 1 8 8 0 86.378 0.625 -0.38096
0 1 3 3 0 0 0.44444 -0.84128
1 2 12 12 0 75.279 0.15278 0.41976
0 2 3 3 0 0 0 -1.2113
0 1 4 4 0 138.34 0.375 -0.5105
0 2 26 26 0 746.75 0.68935 1.177
1 1 41 41 0 3081.6 0.65318 3.5318
0 1 24 24 0 1080.2 0.46181 1.643
0 1 3 3 0 2.587 0.44444 -0.64158
0 2 12 12 0 70.714 0.15278 0.41976
0 2 4 4 0 37.399 0.375 -0.5105
0 2 9 9 0 35.985 0.51852 -0.59965
0 1 2 2 0 0 0 -0.92852
0 2 4 4 0 12.222 0.375 -0.5105
0 2 8 8 0 28.623 0.53125 -0.24635
0 1 4 4 0 35.823 0.5 -0.84128
0 1 10 10 0 16.085 0.58 -0.80353
0 1 3 3 0 10.985 0 -0.65472
0 2 16 16 0 166.75 0.11719 1.2353
1 1 6 6 0 29.601 0 0.16666
1 1 7 7 0 146.52 0.2449 0.16666
0 1 3 3 0 9.026 0.44444 -0.64158
0 2 15 15 0 316.98 0.56 0.011993
0 2 17 17 0 232.6 0.39446 0.82752
1 2 9 9 0 17.557 0.49383 0.10949
1 1 12 12 0 980.89 0.40278 0.98804
0 1 9 9 0 203.4 0.61728 -0.24835
0 1 6 6 0 31.481 0.27778 -0.1508
1 2 20 20 0 214.12 0 1.7178
0 1 0 0 0 0 0 0
0 2 3 3 0 11.521 0.44444 -1.4152
