29.000 26.000 -1.000 1.000 1.000 1.000
15.000 19.000 -17.000 1.000 1.000 2.000
17.000 25.000 -18.000 1.000 1.000 3.000
15.000 26.000 -16.000 1.000 1.000 4.000
21.000 29.000 -10.000 1.000 1.000 5.000
37.000 31.000 -10.000 1.000 1.000 6.000
30.000 37.000 -5.000 1.000 1.000 7.000
13.000 33.000 -21.000 1.000 1.000 8.000
12.000 42.000 -20.000 1.000 1.000 9.000
23.000 38.000 -10.000 1.000 1.000 10.000
25.000 47.000 -8.000 1.000 1.000 11.000
18.000 42.000 -13.000 1.000 1.000 12.000
12.000 52.000 -16.000 1.000 1.000 13.000
21.000 57.000 -11.000 1.000 1.000 14.000
42.000 31.000 -11.000 1.000 1.000 15.000
47.000 35.000 -10.000 1.000 1.000 16.000
44.000 45.000 -9.000 1.000 1.000 17.000
40.000 49.000 -4.000 1.000 1.000 18.000
33.000 48.000 -9.000 1.000 1.000 19.000
33.000 57.000 -8.000 1.000 1.000 20.000
8.000 61.000 -11.000 1.000 1.000 21.000
10.000 65.000 -5.000 1.000 1.000 22.000
6.000 16.000 -15.000 1.000 1.000 23.000
5.000 21.000 -19.000 1.000 1.000 24.000
4.000 29.000 -20.000 1.000 1.000 25.000
7.000 27.000 -12.000 1.000 1.000 26.000
11.000 40.000 -7.000 1.000 1.000 27.000
8.000 36.000 -17.000 1.000 1.000 28.000
5.000 44.000 -18.000 1.000 1.000 29.000
7.000 38.000 -12.000 1.000 1.000 30.000
9.000 48.000 -5.000 1.000 1.000 31.000
6.000 51.000 -16.000 1.000 1.000 32.000
8.000 56.000 -8.000 1.000 1.000 33.000
11.000 53.000 -1.000 1.000 1.000 34.000
39.000 33.000 -1.000 1.000 1.000 35.000
50.000 35.000 -4.000 1.000 1.000 36.000
42.000 39.000 2.000 1.000 1.000 37.000
46.000 33.000 10.000 1.000 1.000 38.000
52.000 31.000 1.000 1.000 1.000 39.000
54.000 28.000 8.000 1.000 1.000 40.000
41.000 27.000 8.000 1.000 1.000 41.000
32.000 29.000 8.000 1.000 1.000 42.000
47.000 19.000 9.000 1.000 1.000 43.000
35.000 19.000 13.000 1.000 1.000 44.000
41.000 12.000 10.000 1.000 1.000 45.000
48.000 12.000 4.000 1.000 1.000 46.000
51.000 12.000 10.000 1.000 1.000 47.000
54.000 18.000 17.000 1.000 1.000 48.000
55.000 23.000 18.000 1.000 1.000 49.000
42.000 22.000 18.000 1.000 1.000 50.000
38.000 15.000 21.000 1.000 1.000 51.000
45.000 9.000 17.000 1.000 1.000 52.000
20.000 61.000 0.000 1.000 1.000 53.000
22.000 53.000 -5.000 1.000 1.000 54.000
31.000 50.000 -3.000 1.000 1.000 55.000
25.000 49.000 4.000 1.000 1.000 56.000
25.000 56.000 9.000 1.000 1.000 57.000
25.000 49.000 15.000 1.000 1.000 58.000
35.000 50.000 14.000 1.000 1.000 59.000
38.000 52.000 9.000 1.000 1.000 60.000
37.000 54.000 3.000 1.000 1.000 61.000
37.000 43.000 7.000 1.000 1.000 62.000
37.000 43.000 17.000 1.000 1.000 63.000
33.000 45.000 22.000 1.000 1.000 64.000
25.000 41.000 20.000 1.000 1.000 65.000
27.000 35.000 28.000 1.000 1.000 66.000
36.000 34.000 30.000 1.000 1.000 67.000
40.000 40.000 25.000 1.000 1.000 68.000
37.000 33.000 14.000 1.000 1.000 69.000
43.000 29.000 21.000 1.000 1.000 70.000
47.000 35.000 23.000 1.000 1.000 71.000
46.000 29.000 29.000 1.000 1.000 72.000
44.000 23.000 29.000 1.000 1.000 73.000
33.000 31.000 36.000 1.000 1.000 74.000
9.000 57.000 5.000 1.000 1.000 75.000
11.000 64.000 7.000 1.000 1.000 76.000
10.000 53.000 9.000 1.000 1.000 77.000
15.000 46.000 9.000 1.000 1.000 78.000
8.000 52.000 17.000 1.000 1.000 79.000
14.000 63.000 14.000 1.000 1.000 80.000
19.000 58.000 17.000 1.000 1.000 81.000
8.000 60.000 22.000 1.000 1.000 82.000
9.000 45.000 22.000 1.000 1.000 83.000
15.000 37.000 20.000 1.000 1.000 84.000
9.000 44.000 30.000 1.000 1.000 85.000
8.000 56.000 29.000 1.000 1.000 86.000
22.000 53.000 24.000 1.000 1.000 87.000
25.000 47.000 30.000 1.000 1.000 88.000
22.000 40.000 30.000 1.000 1.000 89.000
17.000 46.000 36.000 1.000 1.000 90.000
8.000 52.000 35.000 1.000 1.000 91.000
8.000 47.000 41.000 1.000 1.000 92.000
8.000 34.000 34.000 1.000 1.000 93.000
14.000 29.000 29.000 1.000 1.000 94.000
14.000 18.000 37.000 1.000 1.000 95.000
9.000 26.000 38.000 1.000 1.000 96.000
8.000 33.000 43.000 1.000 1.000 97.000
8.000 39.000 48.000 1.000 1.000 98.000
18.000 37.000 43.000 1.000 1.000 99.000
22.000 30.000 37.000 1.000 1.000 100.000
21.000 24.000 42.000 1.000 1.000 101.000
20.000 30.000 49.000 1.000 1.000 102.000
11.000 32.000 52.000 1.000 1.000 103.000
9.000 18.000 48.000 1.000 1.000 104.000
11.000 12.000 44.000 1.000 1.000 105.000
14.000 4.000 42.000 1.000 1.000 106.000
8.000 6.000 50.000 1.000 1.000 107.000
9.000 16.000 60.000 1.000 1.000 108.000
9.000 24.000 56.000 1.000 1.000 109.000
21.000 21.000 54.000 1.000 1.000 110.000
22.000 14.000 48.000 1.000 1.000 111.000
23.000 4.000 47.000 1.000 1.000 112.000
22.000 12.000 57.000 1.000 1.000 113.000
14.000 7.000 59.000 1.000 1.000 114.000
24.000 3.000 59.000 1.000 1.000 115.000
20.000 -3.000 60.000 1.000 1.000 116.000
8.000 3.000 63.000 1.000 1.000 117.000
9.000 -2.000 57.000 1.000 1.000 118.000
10.000 -5.000 48.000 1.000 1.000 119.000
11.000 -5.000 66.000 1.000 1.000 120.000
29.000 25.000 40.000 1.000 1.000 121.000
38.000 27.000 42.000 1.000 1.000 122.000
41.000 18.000 47.000 1.000 1.000 123.000
32.000 17.000 45.000 1.000 1.000 124.000
38.000 19.000 32.000 1.000 1.000 125.000
33.000 13.000 28.000 1.000 1.000 126.000
42.000 17.000 39.000 1.000 1.000 127.000
37.000 5.000 35.000 1.000 1.000 128.000
32.000 11.000 51.000 1.000 1.000 129.000
41.000 6.000 49.000 1.000 1.000 130.000
39.000 7.000 42.000 1.000 1.000 131.000
27.000 2.000 45.000 1.000 1.000 132.000
30.000 4.000 50.000 1.000 1.000 133.000
43.000 3.000 15.000 1.000 1.000 134.000
48.000 4.000 10.000 1.000 1.000 135.000
57.000 4.000 7.000 1.000 1.000 136.000
54.000 -2.000 11.000 1.000 1.000 137.000
61.000 2.000 16.000 1.000 1.000 138.000
57.000 6.000 13.000 1.000 1.000 139.000
50.000 5.000 22.000 1.000 1.000 140.000
49.000 6.000 29.000 1.000 1.000 141.000
58.000 5.000 31.000 1.000 1.000 142.000
55.000 -3.000 21.000 1.000 1.000 143.000
47.000 -6.000 28.000 1.000 1.000 144.000
56.000 0.000 38.000 1.000 1.000 145.000
48.000 2.000 38.000 1.000 1.000 146.000
41.000 -2.000 42.000 1.000 1.000 147.000
51.000 -2.000 46.000 1.000 1.000 148.000
46.000 -8.000 36.000 1.000 1.000 149.000
39.000 -13.000 34.000 1.000 1.000 150.000
33.000 -17.000 41.000 1.000 1.000 151.000
42.000 -9.000 45.000 1.000 1.000 152.000
44.000 -4.000 53.000 1.000 1.000 153.000
31.000 -7.000 45.000 1.000 1.000 154.000
23.000 -7.000 48.000 1.000 1.000 155.000
34.000 -9.000 52.000 1.000 1.000 156.000
41.000 -10.000 59.000 1.000 1.000 157.000
38.000 -13.000 52.000 1.000 1.000 158.000
34.000 -22.000 47.000 1.000 1.000 159.000
27.000 -23.000 48.000 1.000 1.000 160.000
26.000 -21.000 59.000 1.000 1.000 161.000
34.000 -16.000 65.000 1.000 1.000 162.000
24.000 -11.000 54.000 1.000 1.000 163.000
26.000 -13.000 65.000 1.000 1.000 164.000
18.000 -22.000 63.000 1.000 1.000 165.000
18.000 -26.000 54.000 1.000 1.000 166.000
10.000 -28.000 65.000 1.000 1.000 167.000
15.000 -18.000 71.000 1.000 1.000 168.000
14.000 -12.000 61.000 1.000 1.000 169.000
5.000 -23.000 65.000 1.000 1.000 170.000
5.000 -31.000 61.000 1.000 1.000 171.000
8.000 -38.000 66.000 1.000 1.000 172.000
10.000 -35.000 55.000 1.000 1.000 173.000
7.000 -28.000 54.000 1.000 1.000 174.000
18.000 -39.000 50.000 1.000 1.000 175.000
19.000 -34.000 42.000 1.000 1.000 176.000
18.000 -26.000 39.000 1.000 1.000 177.000
12.000 -25.000 48.000 1.000 1.000 178.000
12.000 -15.000 46.000 1.000 1.000 179.000
6.000 -15.000 52.000 1.000 1.000 180.000
6.000 -13.000 64.000 1.000 1.000 181.000
6.000 28.000 -6.000 1.000 1.000 182.000
7.000 37.000 -2.000 1.000 1.000 183.000
9.000 41.000 6.000 1.000 1.000 184.000
9.000 37.000 14.000 1.000 1.000 185.000
6.000 31.000 20.000 1.000 1.000 186.000
7.000 26.000 26.000 1.000 1.000 187.000
7.000 18.000 30.000 1.000 1.000 188.000
6.000 10.000 34.000 1.000 1.000 189.000
7.000 2.000 38.000 1.000 1.000 190.000
12.000 -9.000 39.000 1.000 1.000 191.000
5.000 -5.000 34.000 1.000 1.000 192.000
5.000 -17.000 32.000 1.000 1.000 193.000
6.000 -24.000 38.000 1.000 1.000 194.000
14.000 -19.000 37.000 1.000 1.000 195.000
12.000 -30.000 38.000 1.000 1.000 196.000
7.000 -36.000 41.000 1.000 1.000 197.000
5.000 -33.000 32.000 1.000 1.000 198.000
11.000 -38.000 33.000 1.000 1.000 199.000
6.000 -45.000 30.000 1.000 1.000 200.000
6.000 -47.000 21.000 1.000 1.000 201.000
9.000 -49.000 10.000 1.000 1.000 202.000
27.000 -55.000 8.000 1.000 1.000 203.000
17.000 -47.000 5.000 1.000 1.000 204.000
50.000 -8.000 15.000 1.000 1.000 205.000
45.000 -13.000 21.000 1.000 1.000 206.000
52.000 -16.000 19.000 1.000 1.000 207.000
61.000 -17.000 20.000 1.000 1.000 208.000
61.000 -10.000 16.000 1.000 1.000 209.000
63.000 -5.000 13.000 1.000 1.000 210.000
64.000 -7.000 24.000 1.000 1.000 211.000
62.000 -9.000 32.000 1.000 1.000 212.000
51.000 -9.000 27.000 1.000 1.000 213.000
57.000 -10.000 36.000 1.000 1.000 214.000
56.000 -17.000 30.000 1.000 1.000 215.000
50.000 -19.000 38.000 1.000 1.000 216.000
57.000 -13.000 41.000 1.000 1.000 217.000
45.000 -17.000 38.000 1.000 1.000 218.000
45.000 -17.000 48.000 1.000 1.000 219.000
55.000 -14.000 48.000 1.000 1.000 220.000
50.000 -18.000 55.000 1.000 1.000 221.000
47.000 -24.000 50.000 1.000 1.000 222.000
42.000 -27.000 45.000 1.000 1.000 223.000
38.000 -31.000 50.000 1.000 1.000 224.000
45.000 -25.000 60.000 1.000 1.000 225.000
37.000 -25.000 49.000 1.000 1.000 226.000
36.000 -27.000 57.000 1.000 1.000 227.000
37.000 -32.000 62.000 1.000 1.000 228.000
31.000 -34.000 51.000 1.000 1.000 229.000
24.000 -34.000 59.000 1.000 1.000 230.000
30.000 -29.000 67.000 1.000 1.000 231.000
22.000 -30.000 56.000 1.000 1.000 232.000
23.000 -29.000 68.000 1.000 1.000 233.000
10.000 -34.000 66.000 1.000 1.000 234.000
14.000 -32.000 73.000 1.000 1.000 235.000
47.000 -23.000 21.000 1.000 1.000 236.000
37.000 -27.000 22.000 1.000 1.000 237.000
42.000 -34.000 20.000 1.000 1.000 238.000
50.000 -36.000 26.000 1.000 1.000 239.000
52.000 -22.000 23.000 1.000 1.000 240.000
58.000 -25.000 28.000 1.000 1.000 241.000
62.000 -24.000 33.000 1.000 1.000 242.000
60.000 -33.000 37.000 1.000 1.000 243.000
62.000 -38.000 31.000 1.000 1.000 244.000
63.000 -38.000 23.000 1.000 1.000 245.000
55.000 -40.000 42.000 1.000 1.000 246.000
56.000 -31.000 45.000 1.000 1.000 247.000
54.000 -26.000 38.000 1.000 1.000 248.000
48.000 -35.000 41.000 1.000 1.000 249.000
41.000 -36.000 36.000 1.000 1.000 250.000
43.000 -28.000 37.000 1.000 1.000 251.000
31.000 -36.000 43.000 1.000 1.000 252.000
29.000 -42.000 54.000 1.000 1.000 253.000
18.000 -40.000 64.000 1.000 1.000 254.000
16.000 -49.000 67.000 1.000 1.000 255.000
25.000 -45.000 59.000 1.000 1.000 256.000
32.000 -47.000 61.000 1.000 1.000 257.000
36.000 -43.000 49.000 1.000 1.000 258.000
33.000 -41.000 40.000 1.000 1.000 259.000
30.000 -49.000 43.000 1.000 1.000 260.000
35.000 -50.000 56.000 1.000 1.000 261.000
17.000 -52.000 57.000 1.000 1.000 262.000
14.000 -61.000 60.000 1.000 1.000 263.000
24.000 -58.000 58.000 1.000 1.000 264.000
26.000 -54.000 52.000 1.000 1.000 265.000
29.000 -58.000 45.000 1.000 1.000 266.000
22.000 -64.000 50.000 1.000 1.000 267.000
13.000 -69.000 54.000 1.000 1.000 268.000
21.000 -64.000 41.000 1.000 1.000 269.000
26.000 -57.000 40.000 1.000 1.000 270.000
29.000 -61.000 29.000 1.000 1.000 271.000
25.000 -72.000 37.000 1.000 1.000 272.000
19.000 -72.000 44.000 1.000 1.000 273.000
22.000 -83.000 37.000 1.000 1.000 274.000
26.000 -78.000 29.000 1.000 1.000 275.000
29.000 -68.000 23.000 1.000 1.000 276.000
25.000 -78.000 22.000 1.000 1.000 277.000
19.000 -85.000 29.000 1.000 1.000 278.000
54.000 -46.000 27.000 1.000 1.000 279.000
54.000 -49.000 40.000 1.000 1.000 280.000
53.000 -43.000 37.000 1.000 1.000 281.000
40.000 -45.000 35.000 1.000 1.000 282.000
41.000 -52.000 39.000 1.000 1.000 283.000
50.000 -55.000 43.000 1.000 1.000 284.000
40.000 -59.000 44.000 1.000 1.000 285.000
35.000 -64.000 38.000 1.000 1.000 286.000
42.000 -64.000 36.000 1.000 1.000 287.000
39.000 -67.000 45.000 1.000 1.000 288.000
37.000 -73.000 38.000 1.000 1.000 289.000
35.000 -67.000 29.000 1.000 1.000 290.000
35.000 -73.000 21.000 1.000 1.000 291.000
36.000 -78.000 31.000 1.000 1.000 292.000
40.000 -81.000 22.000 1.000 1.000 293.000
42.000 -71.000 26.000 1.000 1.000 294.000
45.000 -75.000 17.000 1.000 1.000 295.000
47.000 -69.000 13.000 1.000 1.000 296.000
40.000 -63.000 15.000 1.000 1.000 297.000
42.000 -55.000 13.000 1.000 1.000 298.000
40.000 -63.000 24.000 1.000 1.000 299.000
47.000 -64.000 30.000 1.000 1.000 300.000
50.000 -58.000 26.000 1.000 1.000 301.000
50.000 -58.000 35.000 1.000 1.000 302.000
52.000 -51.000 31.000 1.000 1.000 303.000
49.000 -44.000 22.000 1.000 1.000 304.000
45.000 -50.000 20.000 1.000 1.000 305.000
50.000 -55.000 17.000 1.000 1.000 306.000
14.000 -41.000 63.000 1.000 1.000 307.000
10.000 -47.000 61.000 1.000 1.000 308.000
9.000 -51.000 54.000 1.000 1.000 309.000
8.000 -46.000 46.000 1.000 1.000 310.000
15.000 -45.000 49.000 1.000 1.000 311.000
8.000 -41.000 41.000 1.000 1.000 312.000
15.000 -47.000 40.000 1.000 1.000 313.000
11.000 -51.000 27.000 1.000 1.000 314.000
12.000 -54.000 37.000 1.000 1.000 315.000
8.000 -57.000 47.000 1.000 1.000 316.000
8.000 -65.000 45.000 1.000 1.000 317.000
7.000 -60.000 37.000 1.000 1.000 318.000
12.000 -64.000 35.000 1.000 1.000 319.000
14.000 -69.000 41.000 1.000 1.000 320.000
22.000 -72.000 36.000 1.000 1.000 321.000
21.000 -71.000 27.000 1.000 1.000 322.000
20.000 -61.000 31.000 1.000 1.000 323.000
25.000 -61.000 20.000 1.000 1.000 324.000
17.000 -58.000 25.000 1.000 1.000 325.000
6.000 -60.000 27.000 1.000 1.000 326.000
7.000 -56.000 18.000 1.000 1.000 327.000
15.000 -53.000 16.000 1.000 1.000 328.000
24.000 -59.000 12.000 1.000 1.000 329.000
19.000 -64.000 16.000 1.000 1.000 330.000
15.000 -73.000 23.000 1.000 1.000 331.000
8.000 -66.000 18.000 1.000 1.000 332.000
6.000 -81.000 31.000 1.000 1.000 333.000
14.000 -79.000 35.000 1.000 1.000 334.000
6.000 -75.000 22.000 1.000 1.000 335.000
12.000 -88.000 27.000 1.000 1.000 336.000
12.000 -91.000 15.000 1.000 1.000 337.000
6.000 -83.000 22.000 1.000 1.000 338.000
6.000 -88.000 12.000 1.000 1.000 339.000
18.000 -91.000 2.000 1.000 1.000 340.000
14.000 -86.000 7.000 1.000 1.000 341.000
14.000 -77.000 7.000 1.000 1.000 342.000
7.000 -71.000 10.000 1.000 1.000 343.000
18.000 -72.000 11.000 1.000 1.000 344.000
24.000 -68.000 9.000 1.000 1.000 345.000
14.000 -68.000 15.000 1.000 1.000 346.000
7.000 -74.000 16.000 1.000 1.000 347.000
13.000 -79.000 15.000 1.000 1.000 348.000
10.000 -89.000 9.000 1.000 1.000 349.000
16.000 -94.000 -5.000 1.000 1.000 350.000
25.000 -93.000 -7.000 1.000 1.000 351.000
30.000 -89.000 -8.000 1.000 1.000 352.000
29.000 -94.000 -2.000 1.000 1.000 353.000
19.000 -99.000 -1.000 1.000 1.000 354.000
24.000 -94.000 13.000 1.000 1.000 355.000
28.000 -89.000 4.000 1.000 1.000 356.000
29.000 -88.000 13.000 1.000 1.000 357.000
17.000 -100.000 8.000 1.000 1.000 358.000
14.000 -97.000 15.000 1.000 1.000 359.000
22.000 -89.000 20.000 1.000 1.000 360.000
26.000 -83.000 17.000 1.000 1.000 361.000
35.000 -83.000 15.000 1.000 1.000 362.000
34.000 -79.000 4.000 1.000 1.000 363.000
42.000 -83.000 -7.000 1.000 1.000 364.000
41.000 -83.000 0.000 1.000 1.000 365.000
37.000 -75.000 10.000 1.000 1.000 366.000
48.000 -77.000 6.000 1.000 1.000 367.000
45.000 -72.000 3.000 1.000 1.000 368.000
10.000 -88.000 -6.000 1.000 1.000 369.000
5.000 -86.000 -2.000 1.000 1.000 370.000
5.000 -71.000 8.000 1.000 1.000 371.000
12.000 -78.000 -1.000 1.000 1.000 372.000
18.000 -82.000 -8.000 1.000 1.000 373.000
18.000 -74.000 -3.000 1.000 1.000 374.000
25.000 -69.000 1.000 1.000 1.000 375.000
29.000 -53.000 -2.000 1.000 1.000 376.000
23.000 -60.000 -2.000 1.000 1.000 377.000
11.000 -69.000 0.000 1.000 1.000 378.000
6.000 -63.000 9.000 1.000 1.000 379.000
16.000 -58.000 0.000 1.000 1.000 380.000
10.000 -57.000 4.000 1.000 1.000 381.000
24.000 -59.000 4.000 1.000 1.000 382.000
15.000 -48.000 -2.000 1.000 1.000 383.000
22.000 -50.000 0.000 1.000 1.000 384.000
23.000 -48.000 -4.000 1.000 1.000 385.000
23.000 -83.000 -4.000 1.000 1.000 386.000
29.000 -78.000 -3.000 1.000 1.000 387.000
37.000 -77.000 -7.000 1.000 1.000 388.000
33.000 -70.000 -7.000 1.000 1.000 389.000
45.000 -72.000 -9.000 1.000 1.000 390.000
46.000 -63.000 -7.000 1.000 1.000 391.000
40.000 -61.000 -11.000 1.000 1.000 392.000
30.000 -65.000 -3.000 1.000 1.000 393.000
30.000 -58.000 -8.000 1.000 1.000 394.000
43.000 -54.000 -12.000 1.000 1.000 395.000
42.000 -47.000 -14.000 1.000 1.000 396.000
29.000 -49.000 -9.000 1.000 1.000 397.000
36.000 -44.000 -8.000 1.000 1.000 398.000
30.000 -40.000 -13.000 1.000 1.000 399.000
17.000 -37.000 -6.000 1.000 1.000 400.000
31.000 -39.000 -6.000 1.000 1.000 401.000
43.000 -60.000 1.000 1.000 1.000 402.000
49.000 -51.000 -9.000 1.000 1.000 403.000
57.000 -55.000 -8.000 1.000 1.000 404.000
52.000 -59.000 -3.000 1.000 1.000 405.000
56.000 -47.000 -9.000 1.000 1.000 406.000
56.000 -47.000 -15.000 1.000 1.000 407.000
56.000 -38.000 -18.000 1.000 1.000 408.000
50.000 -36.000 -15.000 1.000 1.000 409.000
54.000 -32.000 -15.000 1.000 1.000 410.000
48.000 -58.000 8.000 1.000 1.000 411.000
58.000 -53.000 10.000 1.000 1.000 412.000
54.000 -59.000 6.000 1.000 1.000 413.000
59.000 -51.000 1.000 1.000 1.000 414.000
65.000 -39.000 -2.000 1.000 1.000 415.000
58.000 -42.000 -5.000 1.000 1.000 416.000
65.000 -34.000 -8.000 1.000 1.000 417.000
59.000 -28.000 -12.000 1.000 1.000 418.000
66.000 -25.000 -8.000 1.000 1.000 419.000
65.000 -17.000 -12.000 1.000 1.000 420.000
46.000 -42.000 14.000 1.000 1.000 421.000
53.000 -45.000 9.000 1.000 1.000 422.000
59.000 -41.000 -1.000 1.000 1.000 423.000
54.000 -35.000 9.000 1.000 1.000 424.000
49.000 -31.000 4.000 1.000 1.000 425.000
47.000 -40.000 2.000 1.000 1.000 426.000
47.000 -35.000 -1.000 1.000 1.000 427.000
61.000 -34.000 19.000 1.000 1.000 428.000
61.000 -36.000 12.000 1.000 1.000 429.000
66.000 -32.000 13.000 1.000 1.000 430.000
49.000 -32.000 14.000 1.000 1.000 431.000
43.000 -30.000 11.000 1.000 1.000 432.000
51.000 -24.000 8.000 1.000 1.000 433.000
62.000 -21.000 8.000 1.000 1.000 434.000
67.000 -26.000 5.000 1.000 1.000 435.000
59.000 -20.000 1.000 1.000 1.000 436.000
66.000 -16.000 5.000 1.000 1.000 437.000
55.000 -5.000 0.000 1.000 1.000 438.000
64.000 -8.000 0.000 1.000 1.000 439.000
50.000 -19.000 -2.000 1.000 1.000 440.000
45.000 -26.000 -2.000 1.000 1.000 441.000
61.000 -3.000 -3.000 1.000 1.000 442.000
51.000 -14.000 6.000 1.000 1.000 443.000
43.000 -21.000 10.000 1.000 1.000 444.000
37.000 -26.000 13.000 1.000 1.000 445.000
-16.000 16.000 -17.000 1.000 1.000 446.000
-25.000 14.000 -17.000 1.000 1.000 447.000
-26.000 19.000 -10.000 1.000 1.000 448.000
-27.000 27.000 0.000 1.000 1.000 449.000
-28.000 29.000 2.000 1.000 1.000 450.000
-36.000 23.000 -11.000 1.000 1.000 451.000
-31.000 23.000 -16.000 1.000 1.000 452.000
-36.000 29.000 -10.000 1.000 1.000 453.000
-24.000 29.000 -9.000 1.000 1.000 454.000
-20.000 24.000 -12.000 1.000 1.000 455.000
-15.000 24.000 -16.000 1.000 1.000 456.000
-14.000 33.000 -19.000 1.000 1.000 457.000
-11.000 45.000 -19.000 1.000 1.000 458.000
-16.000 40.000 -16.000 1.000 1.000 459.000
-22.000 36.000 8.000 1.000 1.000 460.000
-25.000 44.000 -8.000 1.000 1.000 461.000
-18.000 48.000 -12.000 1.000 1.000 462.000
-27.000 57.000 -9.000 1.000 1.000 463.000
-21.000 57.000 -11.000 1.000 1.000 464.000
-12.000 57.000 -14.000 1.000 1.000 465.000
-45.000 31.000 -11.000 1.000 1.000 466.000
-45.000 39.000 -11.000 1.000 1.000 467.000
-43.000 44.000 -9.000 1.000 1.000 468.000
-34.000 45.000 -8.000 1.000 1.000 469.000
-40.000 49.000 -7.000 1.000 1.000 470.000
-35.000 54.000 -6.000 1.000 1.000 471.000
-10.000 60.000 -9.000 1.000 1.000 472.000
-10.000 65.000 -3.000 1.000 1.000 473.000
-6.000 18.000 -14.000 1.000 1.000 474.000
-7.000 23.000 -17.000 1.000 1.000 475.000
-6.000 34.000 -21.000 1.000 1.000 476.000
-4.000 28.000 -22.000 1.000 1.000 477.000
-8.000 26.000 -11.000 1.000 1.000 478.000
-11.000 35.000 -10.000 1.000 1.000 479.000
-4.000 39.000 -21.000 1.000 1.000 480.000
-5.000 48.000 -18.000 1.000 1.000 481.000
-12.000 43.000 -8.000 1.000 1.000 482.000
-14.000 47.000 0.000 1.000 1.000 483.000
-8.000 52.000 -6.000 1.000 1.000 484.000
-6.000 57.000 -12.000 1.000 1.000 485.000
-40.000 33.000 -5.000 1.000 1.000 486.000
-49.000 34.000 -3.000 1.000 1.000 487.000
-43.000 39.000 3.000 1.000 1.000 488.000
-43.000 33.000 9.000 1.000 1.000 489.000
-52.000 29.000 5.000 1.000 1.000 490.000
-40.000 29.000 5.000 1.000 1.000 491.000
-31.000 30.000 6.000 1.000 1.000 492.000
-32.000 17.000 14.000 1.000 1.000 493.000
-38.000 22.000 12.000 1.000 1.000 494.000
-50.000 22.000 9.000 1.000 1.000 495.000
-41.000 9.000 12.000 1.000 1.000 496.000
-47.000 11.000 3.000 1.000 1.000 497.000
-52.000 14.000 10.000 1.000 1.000 498.000
-53.000 19.000 20.000 1.000 1.000 499.000
-47.000 24.000 18.000 1.000 1.000 500.000
-41.000 17.000 21.000 1.000 1.000 501.000
-40.000 9.000 21.000 1.000 1.000 502.000
-47.000 11.000 14.000 1.000 1.000 503.000
-20.000 54.000 2.000 1.000 1.000 504.000
-29.000 51.000 -1.000 1.000 1.000 505.000
-22.000 55.000 3.000 1.000 1.000 506.000
-27.000 46.000 8.000 1.000 1.000 507.000
-35.000 52.000 5.000 1.000 1.000 508.000
-39.000 44.000 7.000 1.000 1.000 509.000
-37.000 49.000 15.000 1.000 1.000 510.000
-31.000 47.000 16.000 1.000 1.000 511.000
-29.000 37.000 20.000 1.000 1.000 512.000
-37.000 44.000 22.000 1.000 1.000 513.000
-36.000 40.000 15.000 1.000 1.000 514.000
-37.000 32.000 17.000 1.000 1.000 515.000
-44.000 34.000 20.000 1.000 1.000 516.000
-40.000 38.000 27.000 1.000 1.000 517.000
-34.000 32.000 30.000 1.000 1.000 518.000
-28.000 32.000 33.000 1.000 1.000 519.000
-42.000 28.000 33.000 1.000 1.000 520.000
-44.000 29.000 26.000 1.000 1.000 521.000
-36.000 24.000 24.000 1.000 1.000 522.000
-11.000 56.000 4.000 1.000 1.000 523.000
-10.000 64.000 7.000 1.000 1.000 524.000
-18.000 61.000 8.000 1.000 1.000 525.000
-16.000 61.000 13.000 1.000 1.000 526.000
-8.000 60.000 18.000 1.000 1.000 527.000
-9.000 52.000 11.000 1.000 1.000 528.000
-13.000 48.000 6.000 1.000 1.000 529.000
-14.000 42.000 17.000 1.000 1.000 530.000
-7.000 48.000 21.000 1.000 1.000 531.000
-8.000 57.000 27.000 1.000 1.000 532.000
-14.000 53.000 26.000 1.000 1.000 533.000
-20.000 55.000 21.000 1.000 1.000 534.000
-23.000 52.000 17.000 1.000 1.000 535.000
-22.000 44.000 24.000 1.000 1.000 536.000
-21.000 40.000 30.000 1.000 1.000 537.000
-21.000 47.000 31.000 1.000 1.000 538.000
-13.000 48.000 35.000 1.000 1.000 539.000
-7.000 51.000 35.000 1.000 1.000 540.000
-7.000 37.000 32.000 1.000 1.000 541.000
-13.000 34.000 24.000 1.000 1.000 542.000
-13.000 26.000 31.000 1.000 1.000 543.000
-8.000 30.000 36.000 1.000 1.000 544.000
-7.000 44.000 43.000 1.000 1.000 545.000
-15.000 4.000 42.000 1.000 1.000 546.000
-19.000 32.000 34.000 1.000 1.000 547.000
-20.000 24.000 37.000 1.000 1.000 548.000
-20.000 31.000 47.000 1.000 1.000 549.000
-9.000 35.000 48.000 1.000 1.000 550.000
-6.000 29.000 45.000 1.000 1.000 551.000
-8.000 19.000 43.000 1.000 1.000 552.000
-12.000 13.000 39.000 1.000 1.000 553.000
-8.000 27.000 54.000 1.000 1.000 554.000
-17.000 26.000 50.000 1.000 1.000 555.000
-21.000 23.000 46.000 1.000 1.000 556.000
-20.000 12.000 47.000 1.000 1.000 557.000
-19.000 18.000 56.000 1.000 1.000 558.000
-8.000 19.000 58.000 1.000 1.000 559.000
-8.000 10.000 45.000 1.000 1.000 560.000
-11.000 -1.000 45.000 1.000 1.000 561.000
-8.000 5.000 54.000 1.000 1.000 562.000
-9.000 13.000 60.000 1.000 1.000 563.000
-18.000 11.000 59.000 1.000 1.000 564.000
-19.000 5.000 52.000 1.000 1.000 565.000
-19.000 -5.000 51.000 1.000 1.000 566.000
-18.000 3.000 62.000 1.000 1.000 567.000
-10.000 3.000 65.000 1.000 1.000 568.000
-6.000 -2.000 57.000 1.000 1.000 569.000
-5.000 -6.000 51.000 1.000 1.000 570.000
-17.000 -7.000 59.000 1.000 1.000 571.000
-10.000 -7.000 65.000 1.000 1.000 572.000
-34.000 5.000 28.000 1.000 1.000 573.000
-34.000 16.000 28.000 1.000 1.000 574.000
-43.000 23.000 36.000 1.000 1.000 575.000
-36.000 25.000 41.000 1.000 1.000 576.000
-28.000 22.000 36.000 1.000 1.000 577.000
-28.000 16.000 42.000 1.000 1.000 578.000
-29.000 11.000 52.000 1.000 1.000 579.000
-42.000 18.000 44.000 1.000 1.000 580.000
-36.000 8.000 35.000 1.000 1.000 581.000
-39.000 9.000 44.000 1.000 1.000 582.000
-39.000 9.000 51.000 1.000 1.000 583.000
-34.000 22.000 47.000 1.000 1.000 584.000
-25.000 1.000 45.000 1.000 1.000 585.000
-40.000 1.000 15.000 1.000 1.000 586.000
-46.000 -5.000 13.000 1.000 1.000 587.000
-55.000 -1.000 9.000 1.000 1.000 588.000
-55.000 5.000 5.000 1.000 1.000 589.000
-50.000 4.000 16.000 1.000 1.000 590.000
-56.000 6.000 22.000 1.000 1.000 591.000
-58.000 -2.000 15.000 1.000 1.000 592.000
-56.000 -1.000 31.000 1.000 1.000 593.000
-42.000 3.000 25.000 1.000 1.000 594.000
-53.000 5.000 30.000 1.000 1.000 595.000
-42.000 -1.000 33.000 1.000 1.000 596.000
-53.000 -1.000 38.000 1.000 1.000 597.000
-49.000 -6.000 26.000 1.000 1.000 598.000
-42.000 -10.000 31.000 1.000 1.000 599.000
-41.000 -13.000 39.000 1.000 1.000 600.000
-52.000 -6.000 44.000 1.000 1.000 601.000
-47.000 2.000 43.000 1.000 1.000 602.000
-42.000 -4.000 43.000 1.000 1.000 603.000
-45.000 -8.000 49.000 1.000 1.000 604.000
-38.000 -11.000 49.000 1.000 1.000 605.000
-33.000 -17.000 39.000 1.000 1.000 606.000
-34.000 -23.000 46.000 1.000 1.000 607.000
-38.000 -20.000 52.000 1.000 1.000 608.000
-40.000 -9.000 59.000 1.000 1.000 609.000
-35.000 -7.000 50.000 1.000 1.000 610.000
-27.000 -9.000 45.000 1.000 1.000 611.000
-23.000 -12.000 54.000 1.000 1.000 612.000
-26.000 -14.000 64.000 1.000 1.000 613.000
-33.000 -14.000 64.000 1.000 1.000 614.000
-26.000 -22.000 60.000 1.000 1.000 615.000
-22.000 -25.000 50.000 1.000 1.000 616.000
-16.000 -24.000 59.000 1.000 1.000 617.000
-22.000 -18.000 68.000 1.000 1.000 618.000
-12.000 -16.000 66.000 1.000 1.000 619.000
-10.000 -25.000 71.000 1.000 1.000 620.000
-9.000 -31.000 60.000 1.000 1.000 621.000
-4.000 -19.000 65.000 1.000 1.000 622.000
-5.000 -26.000 58.000 1.000 1.000 623.000
-3.000 -39.000 62.000 1.000 1.000 624.000
-5.000 -34.000 54.000 1.000 1.000 625.000
-10.000 -40.000 66.000 1.000 1.000 626.000
-13.000 -37.000 54.000 1.000 1.000 627.000
-17.000 -32.000 41.000 1.000 1.000 628.000
-11.000 -30.000 48.000 1.000 1.000 629.000
-13.000 -19.000 44.000 1.000 1.000 630.000
-6.000 -20.000 50.000 1.000 1.000 631.000
-5.000 -16.000 59.000 1.000 1.000 632.000
-6.000 30.000 -6.000 1.000 1.000 633.000
-6.000 40.000 -4.000 1.000 1.000 634.000
-7.000 43.000 4.000 1.000 1.000 635.000
-8.000 37.000 14.000 1.000 1.000 636.000
-5.000 26.000 22.000 1.000 1.000 637.000
-11.000 20.000 29.000 1.000 1.000 638.000
-5.000 16.000 31.000 1.000 1.000 639.000
-8.000 8.000 36.000 1.000 1.000 640.000
-4.000 1.000 37.000 1.000 1.000 641.000
-9.000 -7.000 40.000 1.000 1.000 642.000
-3.000 -9.000 33.000 1.000 1.000 643.000
-7.000 -17.000 38.000 1.000 1.000 644.000
-3.000 -25.000 32.000 1.000 1.000 645.000
-7.000 -26.000 40.000 1.000 1.000 646.000
-14.000 -31.000 37.000 1.000 1.000 647.000
-6.000 -37.000 42.000 1.000 1.000 648.000
-4.000 -35.000 32.000 1.000 1.000 649.000
-10.000 -40.000 33.000 1.000 1.000 650.000
-6.000 -46.000 30.000 1.000 1.000 651.000
-4.000 -47.000 23.000 1.000 1.000 652.000
-6.000 -52.000 11.000 1.000 1.000 653.000
-21.000 -53.000 7.000 1.000 1.000 654.000
-12.000 -47.000 6.000 1.000 1.000 655.000
-50.000 -9.000 14.000 1.000 1.000 656.000
-63.000 -12.000 15.000 1.000 1.000 657.000
-45.000 -15.000 20.000 1.000 1.000 658.000
-53.000 -17.000 18.000 1.000 1.000 659.000
-59.000 -17.000 24.000 1.000 1.000 660.000
-62.000 -10.000 28.000 1.000 1.000 661.000
-57.000 -10.000 22.000 1.000 1.000 662.000
-49.000 -13.000 30.000 1.000 1.000 663.000
-59.000 -14.000 37.000 1.000 1.000 664.000
-51.000 -21.000 33.000 1.000 1.000 665.000
-54.000 -18.000 47.000 1.000 1.000 666.000
-53.000 -16.000 41.000 1.000 1.000 667.000
-44.000 -20.000 38.000 1.000 1.000 668.000
-43.000 -19.000 45.000 1.000 1.000 669.000
-46.000 -25.000 46.000 1.000 1.000 670.000
-39.000 -28.000 40.000 1.000 1.000 671.000
-40.000 -33.000 51.000 1.000 1.000 672.000
-48.000 -23.000 56.000 1.000 1.000 673.000
-44.000 -20.000 55.000 1.000 1.000 674.000
-36.000 -27.000 51.000 1.000 1.000 675.000
-39.000 -27.000 63.000 1.000 1.000 676.000
-31.000 -34.000 56.000 1.000 1.000 677.000
-32.000 -28.000 65.000 1.000 1.000 678.000
-26.000 -29.000 55.000 1.000 1.000 679.000
-25.000 -30.000 67.000 1.000 1.000 680.000
-22.000 -34.000 58.000 1.000 1.000 681.000
-18.000 -30.000 70.000 1.000 1.000 682.000
-16.000 -32.000 59.000 1.000 1.000 683.000
-15.000 -37.000 70.000 1.000 1.000 684.000
-9.000 -34.000 71.000 1.000 1.000 685.000
-45.000 -23.000 23.000 1.000 1.000 686.000
-39.000 -33.000 20.000 1.000 1.000 687.000
-44.000 -39.000 25.000 1.000 1.000 688.000
-51.000 -30.000 19.000 1.000 1.000 689.000
-58.000 -24.000 21.000 1.000 1.000 690.000
-57.000 -27.000 32.000 1.000 1.000 691.000
-62.000 -31.000 28.000 1.000 1.000 692.000
-54.000 -35.000 30.000 1.000 1.000 693.000
-51.000 -43.000 31.000 1.000 1.000 694.000
-58.000 -49.000 26.000 1.000 1.000 695.000
-57.000 -49.000 32.000 1.000 1.000 696.000
-57.000 -37.000 39.000 1.000 1.000 697.000
-50.000 -30.000 35.000 1.000 1.000 698.000
-44.000 -35.000 39.000 1.000 1.000 699.000
-52.000 -38.000 45.000 1.000 1.000 700.000
-54.000 -47.000 38.000 1.000 1.000 701.000
-48.000 -48.000 45.000 1.000 1.000 702.000
-40.000 -43.000 38.000 1.000 1.000 703.000
-37.000 -33.000 36.000 1.000 1.000 704.000
-30.000 -37.000 43.000 1.000 1.000 705.000
-29.000 -39.000 50.000 1.000 1.000 706.000
-18.000 -42.000 59.000 1.000 1.000 707.000
-14.000 -48.000 68.000 1.000 1.000 708.000
-24.000 -48.000 59.000 1.000 1.000 709.000
-33.000 -44.000 54.000 1.000 1.000 710.000
-35.000 -45.000 47.000 1.000 1.000 711.000
-30.000 -46.000 37.000 1.000 1.000 712.000
-31.000 -52.000 52.000 1.000 1.000 713.000
-33.000 -50.000 61.000 1.000 1.000 714.000
-15.000 -52.000 58.000 1.000 1.000 715.000
-25.000 -56.000 58.000 1.000 1.000 716.000
-26.000 -51.000 42.000 1.000 1.000 717.000
-23.000 -59.000 49.000 1.000 1.000 718.000
-19.000 -61.000 60.000 1.000 1.000 719.000
-12.000 -66.000 54.000 1.000 1.000 720.000
-15.000 -64.000 48.000 1.000 1.000 721.000
-25.000 -61.000 42.000 1.000 1.000 722.000
-20.000 -61.000 34.000 1.000 1.000 723.000
-17.000 -68.000 40.000 1.000 1.000 724.000
-16.000 -74.000 45.000 1.000 1.000 725.000
-19.000 -83.000 37.000 1.000 1.000 726.000
-21.000 -78.000 32.000 1.000 1.000 727.000
-24.000 -66.000 26.000 1.000 1.000 728.000
-24.000 -76.000 18.000 1.000 1.000 729.000
-19.000 -82.000 24.000 1.000 1.000 730.000
-13.000 -84.000 29.000 1.000 1.000 731.000
-49.000 -53.000 41.000 1.000 1.000 732.000
-39.000 -51.000 35.000 1.000 1.000 733.000
-48.000 -59.000 41.000 1.000 1.000 734.000
-42.000 -63.000 45.000 1.000 1.000 735.000
-34.000 -59.000 39.000 1.000 1.000 736.000
-38.000 -67.000 42.000 1.000 1.000 737.000
-31.000 -70.000 45.000 1.000 1.000 738.000
-28.000 -65.000 36.000 1.000 1.000 739.000
-39.000 -70.000 39.000 1.000 1.000 740.000
-33.000 -78.000 36.000 1.000 1.000 741.000
-31.000 -70.000 27.000 1.000 1.000 742.000
31.000 -77.000 18.000 1.000 1.000 743.000
-36.000 -84.000 17.000 1.000 1.000 744.000
-36.000 -82.000 24.000 1.000 1.000 745.000
-38.000 -75.000 29.000 1.000 1.000 746.000
-41.000 -75.000 21.000 1.000 1.000 747.000
-43.000 -70.000 16.000 1.000 1.000 748.000
-42.000 -66.000 22.000 1.000 1.000 749.000
-44.000 -68.000 28.000 1.000 1.000 750.000
-43.000 -59.000 33.000 1.000 1.000 751.000
-50.000 -56.000 29.000 1.000 1.000 752.000
-47.000 -51.000 22.000 1.000 1.000 753.000
-37.000 -56.000 26.000 1.000 1.000 754.000
-39.000 -54.000 15.000 1.000 1.000 755.000
-41.000 -64.000 13.000 1.000 1.000 756.000
-10.000 -56.000 55.000 1.000 1.000 757.000
-11.000 -47.000 64.000 1.000 1.000 758.000
-8.000 -47.000 57.000 1.000 1.000 759.000
-6.000 -51.000 51.000 1.000 1.000 760.000
-15.000 -44.000 49.000 1.000 1.000 761.000
-7.000 -42.000 44.000 1.000 1.000 762.000
-7.000 -52.000 45.000 1.000 1.000 763.000
-13.000 -48.000 40.000 1.000 1.000 764.000
-14.000 -51.000 33.000 1.000 1.000 765.000
-8.000 -56.000 26.000 1.000 1.000 766.000
-3.000 -65.000 31.000 1.000 1.000 767.000
-6.000 -56.000 38.000 1.000 1.000 768.000
-4.000 -66.000 39.000 1.000 1.000 769.000
-7.000 -62.000 48.000 1.000 1.000 770.000
-6.000 -72.000 44.000 1.000 1.000 771.000
-16.000 -73.000 38.000 1.000 1.000 772.000
-18.000 -69.000 29.000 1.000 1.000 773.000
-12.000 -65.000 34.000 1.000 1.000 774.000
-5.000 -63.000 24.000 1.000 1.000 775.000
-16.000 60.000 24.000 1.000 1.000 776.000
-20.000 -65.000 24.000 1.000 1.000 777.000
-17.000 -59.000 13.000 1.000 1.000 778.000
-6.000 -58.000 16.000 1.000 1.000 779.000
-15.000 -74.000 25.000 1.000 1.000 780.000
-5.000 -83.000 34.000 1.000 1.000 781.000
-8.000 -90.000 24.000 1.000 1.000 782.000
-4.000 -94.000 15.000 1.000 1.000 783.000
-2.000 -86.000 19.000 1.000 1.000 784.000
-5.000 -77.000 25.000 1.000 1.000 785.000
-4.000 -73.000 21.000 1.000 1.000 786.000
-14.000 -66.000 17.000 1.000 1.000 787.000
-10.000 -87.000 4.000 1.000 1.000 788.000
-8.000 -75.000 8.000 1.000 1.000 789.000
-13.000 -77.000 15.000 1.000 1.000 790.000
-21.000 -70.000 9.000 1.000 1.000 791.000
-16.000 -71.000 12.000 1.000 1.000 792.000
-5.000 -71.000 14.000 1.000 1.000 793.000
-5.000 -80.000 15.000 1.000 1.000 794.000
-10.000 -86.000 11.000 1.000 1.000 795.000
-12.000 -93.000 7.000 1.000 1.000 796.000
-12.000 -92.000 -6.000 1.000 1.000 797.000
-17.000 -98.000 8.000 1.000 1.000 798.000
-15.000 -100.000 -1.000 1.000 1.000 799.000
-9.000 -100.000 6.000 1.000 1.000 800.000
-11.000 -98.000 15.000 1.000 1.000 801.000
-16.000 -92.000 20.000 1.000 1.000 802.000
-18.000 -98.000 8.000 1.000 1.000 803.000
-23.000 -96.000 3.000 1.000 1.000 804.000
-26.000 -94.000 -6.000 1.000 1.000 805.000
-22.000 -91.000 -8.000 1.000 1.000 806.000
-31.000 -87.000 -9.000 1.000 1.000 807.000
-39.000 -85.000 -6.000 1.000 1.000 808.000
-42.000 -80.000 0.000 1.000 1.000 809.000
-28.000 -89.000 1.000 1.000 1.000 810.000
-34.000 -84.000 4.000 1.000 1.000 811.000
-28.000 -83.000 9.000 1.000 1.000 812.000
-27.000 -92.000 13.000 1.000 1.000 813.000
-26.000 -86.000 15.000 1.000 1.000 814.000
-43.000 -81.000 9.000 1.000 1.000 815.000
-47.000 -75.000 10.000 1.000 1.000 816.000
-43.000 -72.000 0.000 1.000 1.000 817.000
-39.000 -66.000 5.000 1.000 1.000 818.000
-9.000 -88.000 -6.000 1.000 1.000 819.000
-3.000 -83.000 1.000 1.000 1.000 820.000
-16.000 -79.000 -4.000 1.000 1.000 821.000
-9.000 -77.000 0.000 1.000 1.000 822.000
-3.000 -72.000 7.000 1.000 1.000 823.000
-14.000 -68.000 -4.000 1.000 1.000 824.000
-21.000 -71.000 0.000 1.000 1.000 825.000
-26.000 -56.000 -3.000 1.000 1.000 826.000
-20.000 -62.000 -3.000 1.000 1.000 827.000
-12.000 -62.000 2.000 1.000 1.000 828.000
-5.000 -63.000 6.000 1.000 1.000 829.000
-21.000 -64.000 4.000 1.000 1.000 830.000
-21.000 -52.000 2.000 1.000 1.000 831.000
-11.000 -54.000 1.000 1.000 1.000 832.000
-14.000 -49.000 -1.000 1.000 1.000 833.000
-26.000 -49.000 -1.000 1.000 1.000 834.000
-27.000 -74.000 -1.000 1.000 1.000 835.000
-31.000 -78.000 -5.000 1.000 1.000 836.000
-40.000 -74.000 -8.000 1.000 1.000 837.000
-39.000 -70.000 -3.000 1.000 1.000 838.000
-42.000 -66.000 -11.000 1.000 1.000 839.000
-31.000 -67.000 -9.000 1.000 1.000 840.000
-32.000 -54.000 -6.000 1.000 1.000 841.000
-29.000 -59.000 -7.000 1.000 1.000 842.000
-40.000 -54.000 -14.000 1.000 1.000 843.000
-41.000 -59.000 -9.000 1.000 1.000 844.000
-39.000 -48.000 -12.000 1.000 1.000 845.000
-27.000 -47.000 -11.000 1.000 1.000 846.000
-35.000 -43.000 -6.000 1.000 1.000 847.000
-36.000 -33.000 -12.000 1.000 1.000 848.000
-30.000 -39.000 -14.000 1.000 1.000 849.000
-40.000 -40.000 -16.000 1.000 1.000 850.000
-38.000 -33.000 -18.000 1.000 1.000 851.000
-39.000 -27.000 -17.000 1.000 1.000 852.000
-37.000 -16.000 -19.000 1.000 1.000 853.000
-37.000 -10.000 -26.000 1.000 1.000 854.000
-35.000 -9.000 -32.000 1.000 1.000 855.000
-32.000 -1.000 -34.000 1.000 1.000 856.000
-15.000 -40.000 -5.000 1.000 1.000 857.000
-25.000 -40.000 -6.000 1.000 1.000 858.000
-31.000 -37.000 -8.000 1.000 1.000 859.000
-19.000 -29.000 -11.000 1.000 1.000 860.000
-31.000 -27.000 -15.000 1.000 1.000 861.000
-25.000 -22.000 -21.000 1.000 1.000 862.000
-34.000 13.000 -27.000 1.000 1.000 863.000
-36.000 11.000 -31.000 1.000 1.000 864.000
-44.000 -62.000 0.000 1.000 1.000 865.000
-53.000 -60.000 -5.000 1.000 1.000 866.000
-50.000 -56.000 -6.000 1.000 1.000 867.000
-46.000 -49.000 -8.000 1.000 1.000 868.000
-55.000 -51.000 -10.000 1.000 1.000 869.000
-57.000 -47.000 -15.000 1.000 1.000 870.000
-47.000 -42.000 -14.000 1.000 1.000 871.000
-54.000 -39.000 -17.000 1.000 1.000 872.000
-48.000 -36.000 -17.000 1.000 1.000 873.000
-57.000 -32.000 -21.000 1.000 1.000 874.000
-48.000 -26.000 -20.000 1.000 1.000 875.000
-56.000 -23.000 -24.000 1.000 1.000 876.000
-53.000 -17.000 -27.000 1.000 1.000 877.000
-44.000 -15.000 -22.000 1.000 1.000 878.000
-50.000 -11.000 -29.000 1.000 1.000 879.000
-44.000 -6.000 -33.000 1.000 1.000 880.000
-38.000 1.000 -31.000 1.000 1.000 881.000
-50.000 -62.000 11.000 1.000 1.000 882.000
-50.000 -59.000 4.000 1.000 1.000 883.000
-57.000 -59.000 9.000 1.000 1.000 884.000
-57.000 -57.000 2.000 1.000 1.000 885.000
-62.000 -47.000 2.000 1.000 1.000 886.000
-56.000 -48.000 -3.000 1.000 1.000 887.000
-62.000 -41.000 -4.000 1.000 1.000 888.000
-61.000 -34.000 -12.000 1.000 1.000 889.000
-61.000 -32.000 -7.000 1.000 1.000 890.000
-50.000 -34.000 -5.000 1.000 1.000 891.000
-54.000 -22.000 -10.000 1.000 1.000 892.000
-65.000 -26.000 -10.000 1.000 1.000 893.000
-63.000 -18.000 -13.000 1.000 1.000 894.000
-56.000 -17.000 -18.000 1.000 1.000 895.000
-58.000 -14.000 -14.000 1.000 1.000 896.000
-59.000 -6.000 -18.000 1.000 1.000 897.000
-48.000 -5.000 24.000 1.000 1.000 898.000
56.000 0.000 -21.000 1.000 1.000 899.000
-46.000 5.000 -27.000 1.000 1.000 900.000
-50.000 -53.000 9.000 1.000 1.000 901.000
-49.000 -46.000 14.000 1.000 1.000 902.000
-50.000 -45.000 6.000 1.000 1.000 903.000
-54.000 -43.000 0.000 1.000 1.000 904.000
-52.000 -35.000 5.000 1.000 1.000 905.000
-58.000 -51.000 19.000 1.000 1.000 906.000
-62.000 -44.000 15.000 1.000 1.000 907.000
-52.000 -39.000 16.000 1.000 1.000 908.000
-40.000 -36.000 12.000 1.000 1.000 909.000
-46.000 -33.000 9.000 1.000 1.000 910.000
-64.000 -39.000 13.000 1.000 1.000 911.000
-65.000 -32.000 10.000 1.000 1.000 912.000
-59.000 -29.000 3.000 1.000 1.000 913.000
-65.000 -25.000 8.000 1.000 1.000 914.000
-53.000 -28.000 6.000 1.000 1.000 915.000
-63.000 -16.000 3.000 1.000 1.000 916.000
-60.000 -20.000 0.000 1.000 1.000 917.000
-47.000 -30.000 -2.000 1.000 1.000 918.000
-50.000 -18.000 6.000 1.000 1.000 919.000
-58.000 -8.000 3.000 1.000 1.000 920.000
-45.000 -21.000 -1.000 1.000 1.000 921.000
-43.000 -16.000 -7.000 1.000 1.000 922.000
-59.000 -5.000 -2.000 1.000 1.000 923.000
-52.000 -10.000 -9.000 1.000 1.000 924.000
-49.000 -4.000 -14.000 1.000 1.000 925.000
-57.000 2.000 -4.000 1.000 1.000 926.000
-51.000 -3.000 -5.000 1.000 1.000 927.000
-46.000 -7.000 -11.000 1.000 1.000 928.000
-55.000 8.000 -9.000 1.000 1.000 929.000
-48.000 4.000 -19.000 1.000 1.000 930.000
-50.000 13.000 -14.000 1.000 1.000 931.000
-46.000 2.000 -16.000 1.000 1.000 932.000
-46.000 16.000 -20.000 1.000 1.000 933.000
-43.000 16.000 -24.000 1.000 1.000 934.000
-49.000 -16.000 6.000 1.000 1.000 935.000
-47.000 -21.000 10.000 1.000 1.000 936.000
-41.000 -24.000 11.000 1.000 1.000 937.000
-36.000 -28.000 14.000 1.000 1.000 938.000
