title
0.8179810207802802
0.37300740205682814
0.4348457839805633
0.3574469287414104
0.7111548518296331
0.15308316657319665
0.15904076118022203
0.3007281138561666
0.02922417246736586
0.9298182378988713
0.4745935723185539
0.9126064719166607
0.266298592556268
0.5749302657786757
0.8926663717720658
0.7173411340918392
0.7222988675348461
0.08674626657739282
0.23299103789031506
0.7695628523360938
0.26276125526055694
0.7086667739786208
0.2831314830109477
0.9717386804986745
0.28800097364000976
0.8060915526002645
0.9055240275338292
0.7036993287038058
0.7721564108505845
0.16197322751395404
0.56843326613307
0.6645585517399013
0.00697053805924952
0.6357204269152135
0.8833299262914807
0.363097250694409
0.6274555223062634
0.8684527219738811
0.12275399803183973
0.2717603559140116
0.8491381702478975
0.0032042628154158592
0.7328528871294111
0.27053701295517385
0.7325899235438555
0.6671080321539193
0.9964977945201099
0.9068535219412297
0.6911691501736641
0.9023248492740095
0.8977290969341993
0.14590773941017687
0.905859304824844
0.5746261267922819
0.5662974824663252
0.26184648578055203
0.1457945245783776
0.5299887547735125
0.6429752588737756
0.982411123579368
0.9681773215997964
0.37836790014989674
0.04187074233777821
0.022308651125058532
0.23107201280072331
0.08722467627376318
0.6264415341429412
0.6348980118054897
0.19748031068593264
0.7255240434315056
0.9931955926585943
0.49787617032416165
0.757014209870249
0.915204246994108
0.11371522792614996
0.4159752167761326
0.9676542445085943
0.8685817429795861
0.6923909408506006
0.9010708834975958
0.33855971810407937
0.24585506389848888
0.7616073747631162
0.655765303876251
0.5933142188005149
0.5145458234474063
0.34875309048220515
0.9169875585939735
0.18996555381454527
0.17094606976024806
0.17644938710145652
0.2129653103183955
0.5669717718847096
0.5425589610822499
0.45441112853586674
0.10276476806029677
0.7559460517950356
0.5483706507366151
0.32558537065051496
0.3002479178830981
0.5464486675336957
0.5356073570437729
0.9958855079021305
0.8660321552306414
0.7557899181265384
0.0072024555411189795
0.06267247814685106
0.9032612880691886
0.7820092404726893
0.6666745468974113
0.3068489597644657
0.4903968907892704
0.7613629950210452
0.3211832793895155
0.12544289929792285
0.8167362534441054
0.6166303355712444
0.9360223663970828
0.6083833833690733
0.4062337812501937
0.304644993506372
0.8020443653222173
0.7292542813811451
0.5629334046971053
0.7788741616532207
0.17427320522256196
0.3137466690968722
0.7073434726335108
0.36206836230121553
0.14626278914511204
0.08616629964672029
0.34498812328092754
0.1205920644570142
0.33639760920777917
0.23978933482430875
0.2648556234780699
0.2538106932770461
0.07674348540604115
0.6280262349173427
0.24407012783922255
0.6526738959364593
0.602400450501591
0.2076897588558495
0.769150169333443
0.8276779595762491
0.05186926340684295
0.346888676751405
0.22554641822353005
0.5845348294824362
0.20450687780976295
0.2650013763923198
0.9952667432371527
0.5118373236618936
0.4886896600946784
0.004769425140693784
0.9706343717407435
0.4030746165663004
0.45529291150160134
0.021107866894453764
0.6106423998717219
0.8716747942380607
0.4427068652585149
0.17935474403202534
0.8348823054693639
0.7443450097925961
0.6616520942188799
0.7833277967292815
0.535304739838466
0.5587361727375537
0.06862298329360783
0.3502267957665026
0.4805515406187624
0.32349249674007297
0.5907068350352347
0.3783108952920884
0.8375656541902572
0.21948473784141243
0.49849732546135783
0.8239080256316811
0.02376060257665813
0.5822358059231192
0.6064799150917679
0.9193939440883696
0.7292012877296656
0.4947532839141786
0.5607266281731427
0.8225424531847239
0.5555705630686134
0.9235324393957853
0.2716109724715352
0.31829457846470177
0.7186751824337989
0.7744811542797834
0.9837195496074855
0.6643335148692131
0.9944908788893372
0.5907850186340511
0.9384848985355347
0.8949575442820787
0.0847512586042285