-53.7052 43.0319 20.0996
-6.8526 -17.5219 46.2390
-36.5857 -6.6972 62.1633
-5.6653 80.8287 28.6056
-24.2191 2.3347 -13.0359
-34.6375 38.6733 -5.1633
-40.7689 69.7171 39.6932
-50.5737 28.9960 -6.3307
-7.4661 45.7769 30.6295
-29.1076 86.4343 10.1833
-25.8048 -33.1394 6.0797
-12.8765 66.4303 6.8088
-8.2470 -39.5498 8.0398
-58.1992 21.7331 3.9602
-24.8964 27.4382 -1.9084
-7.8247 31.8127 67.7410
-48.1594 -14.9243 31.6175
-44.1155 -39.7570 10.3108
-47.7450 -31.3546 23.2151
-10.4382 79.7171 16.6773
-45.2590 25.1753 55.0717
-6.3625 22.4024 51.5339
-40.5976 10.6653 56.4143
-9.0080 59.4462 46.2749
-7.2908 -37.2470 23.0996
-34.8526 -43.8167 38.6175
-11.6335 -24.1793 59.5100
-21.6733 66.6215 56.4582
-53.3386 9.0677 13.3825
-52.7410 40.1873 44.7729
-11.1554 -66.8167 17.6255
-30.3865 -17.4422 -13.0398
-43.5896 21.2908 25.0080
-37.8924 -0.8526 18.5618
-13.3586 16.9960 22.1873
-14.7928 -8.7410 28.1036
-27.6255 -1.0598 18.1633
-22.2709 0.8805 15.2430
-25.8048 19.4343 3.7968
-24.4064 1.5179 -0.3705
-10.0040 -11.3625 11.9163
50.1554 36.2271 21.7689
1.6056 -19.2351 45.8207
31.7888 -8.7131 62.9841
6.3546 80.2629 29.7530
19.3665 0.3028 -13.2032
31.6135 36.1952 -4.7888
42.6454 62.2829 39.7291
47.0637 23.9761 -7.0757
5.1116 44.0797 30.7012
31.1235 82.4900 10.6892
19.8127 -33.6653 6.2869
11.9004 64.2311 8.1594
1.9442 -40.5857 8.3865
54.3506 18.0319 3.7211
21.7570 25.2789 -1.4462
4.6096 30.3108 67.7171
43.8008 -15.5378 32.5378
38.6853 -42.5179 11.5378
43.9681 -31.9761 25.5578
10.6215 78.1514 17.8685
40.9044 21.9801 55.7888
2.7928 21.0956 51.7211
36.9084 8.3625 57.2869
7.8008 58.1155 46.1235
1.6454 -35.9004 23.8367
29.0239 -45.6534 39.3028
6.7450 -25.2789 59.8207
20.6972 65.9203 57.3307
49.2948 3.4183 12.9960
49.9761 33.0797 46.3745
5.2948 -67.2032 16.1355
24.5657 -19.1434 -11.5578
40.8367 16.1594 25.3984
33.8964 -3.4821 17.8088
8.3546 16.1275 22.8287
9.8805 -10.3227 28.2510
22.1912 -3.9004 18.1514
16.5418 0.4462 16.8406
22.5219 17.5896 4.2231
19.6375 -0.0359 0.1753
5.0000 -12.6892 12.3028
