2.00 32.00
2.00 31.00
2.00 29.00
2.00 37.00
2.00 38.00
2.00 33.00
2.00 31.00
2.00 33.00
2.00 31.00
2.00 41.00
1.00 7.00
1.00 7.00
1.00 8.00
1.00 7.00
1.00 4.00
1.00 7.00
1.00 4.00
1.00 6.00
1.00 6.00
1.00 7.00
1.00 6.00
1.00 7.00
1.00 4.00
1.00 5.00
1.00 9.00
1.00 6.00
1.00 4.00
1.00 5.00
1.00 8.00
1.00 5.00
1.00 6.00
1.00 8.00
1.00 8.00
1.00 5.00
1.00 7.00
1.00 6.00
1.00 6.00
1.00 9.00
1.00 6.00
1.00 5.00
1.00 5.00
1.00 6.00
1.00 5.00
1.00 5.00
1.00 4.00
1.00 6.00
1.00 9.00
1.00 7.00
1.00 3.00
1.00 8.00
