title
0.9985448776278645
0.6332620035391301
0.8624527985230088
0.0037796348333358765
0.19091986352577806
0.2520150691270828
0.8678333272691816
0.01482527726329863
0.37636764091439545
0.7393991856370121
0.3979377115610987
0.9527210665401071
0.5251006614416838
0.552756916731596
0.22036252357065678
0.10176079464145005
0.5339006972499192
0.060560249257832766
0.8070459130685776
0.9001401155255735
0.5880259033292532
0.11654230812564492
0.22241771453991532
0.12239990243688226
0.7663701302371919
0.45797978597693145
0.5414703211281449
0.6160743096843362
0.9561237555462867
0.9359606169164181
0.6013240194879472
0.027517527574673295
0.19953283527866006
0.4239525299053639
0.876916227163747
0.7561339486856014
0.06275267223827541
0.4848931410815567
0.3773456842172891
0.47613772843033075
0.8224439676851034
0.6064883030485362
0.985487449914217
0.2564474556129426
0.8700629526283592
0.18296870472840965
0.1549274807330221
0.30276234447956085
0.6185249402187765
0.9089988025370985
0.3785279749426991
0.05186657723970711
0.22331804246641695
0.33644277905113995
0.09339124360121787
0.8022907036356628
0.07298467541113496
0.10038960562087595
0.008027918171137571
0.7386215650476515
0.2656935804989189
0.5224156184121966
0.2184475038666278
0.7039073000196368
0.43476695311255753
0.7977768438868225
0.0076937207486480474
0.8779394906014204
0.07437255163677037
0.15675395261496305
0.2867986133787781
0.8477270510047674
0.42154020885936916
0.5869179833680391
0.17652151407673955
0.7029759876895696
0.6411469571758062
0.016085482202470303
0.14862935990095139
0.6339468718506396
0.008848250843584538
0.4665639433078468
0.9482345981523395
0.6598806756082922
0.6508566509000957
0.9779855336528271
0.18671853584237397
0.5880353613756597
0.1953855878673494
0.7466215044260025
0.4779979179147631
0.4881806361954659
0.916639344766736
0.9006610026117414
0.9721141930203885
0.33579326630569994
0.46941861626692116
0.4848641522694379
0.21410778677091002
0.28552304301410913