title
0.9531509990338236
0.21649033180437982
0.33244972210377455
0.011137195862829685
0.65101093868725
0.5506704738363624
0.5641149366274476
0.913673380156979
0.5490534480195493
0.47409026441164315
0.7290206865873188
0.34597717714495957
0.9048873640131205
0.022240439197048545
0.09291108464822173
0.1872539292089641
0.9735962636768818
0.8257749946787953
0.7186210099607706
0.8136358933988959
0.9312785540241748
0.10152511624619365
0.6027493281289935
0.38374262885190547
0.7821652151178569
0.2749035458546132
0.7044374402612448
0.07935811416245997
0.7968364430125803
0.8527309400960803
0.7999020440038294
0.3638107171282172
0.5349483659956604
0.11566084064543247
0.2510885875672102
0.06506212009117007
0.8884541851002723
0.6450552565511316
0.4968061379622668
0.40310701075941324
0.15029676165431738
0.7280710129998624
0.9245812073349953
0.3020730074495077
0.45005255728028715
0.35343886190094054
0.3598434084560722
0.8819692076649517
0.801870732801035
0.8618127861991525
0.495293659158051
0.22625779965892434
0.5558199386578053
0.4364598474930972
0.29491010145284235
0.2863695537671447
0.1824945341795683
0.1906399338040501
0.0739802357275039
0.8146662639919668
0.18669799156486988
0.26797792967408895
0.6379725018050522
0.6722941352054477
0.509888157248497
0.46010502567514777
0.7120346550364047
0.8629439296200871
0.8291559368371964
0.7639262236189097
0.6338691622950137
0.8025389327667654
0.8986606288235635
0.9005387485958636
0.7662392631173134
0.4711351862642914
0.6913962042890489
0.9091861825436354
0.6999723347835243
0.6448782808147371
0.14356398722156882
0.4684415911324322
0.8245578159112483
0.8454813316930085
0.12744469195604324
0.0011729723773896694
0.9438789035193622
0.1237852182239294
0.00040090084075927734
0.18708694214001298
0.9218660346232355
0.18258981709368527
0.29127810266800225
0.7389238155446947
0.8459344822913408
0.3573699495755136
0.44867177004925907
0.6082016308791935
0.9707630907651037
0.7700063521042466