-25.763624883256853 35.86999154649675 -28.22991944849491
-18.4255579020828 25.948378862813115 -6.613032007589936
35.63449829816818 40.25367966387421 29.479538113810122
-28.633132437244058 -10.756286955438554 -0.8775358088314533
14.116641972213984 -26.705295802094042 -40.3258808888495
-20.068040466867387 20.142402313649654 11.310912808403373
-14.748761104419827 39.77467792574316 -23.022977029904723
-47.783623239956796 4.260294372215867 -37.01216804329306
16.12783099990338 23.638602485880256 -49.66415083035827
22.81100454274565 20.951406098902225 4.25362316891551
44.34032116550952 -3.0977874994277954 -0.0990894390270114
-25.35070616286248 -13.937723194248974 38.345367135480046
26.345277531072497 -37.97882101498544 7.363848714157939
-3.2393851783126593 -41.33909782394767 18.687743949703872
-13.0932932253927 -8.113754750229418 -46.51663850527257
42.9885737830773 7.658653659746051 -43.713627639226615
-13.869025651365519 -28.68387787602842 -30.566219869069755
43.5593442292884 28.89606321696192 -37.15421955566853
-35.67334623076022 -40.08349613286555 24.297847948037088
19.882026920095086 19.032347947359085 21.370929200202227
-31.09626895748079 -16.704320744611323 -41.75983036402613
21.78337536752224 -19.69114828389138 32.593233324587345
6.042883382178843 18.646176322363317 29.618360102176666
-31.02290267124772 6.12082127481699 4.235563217662275
10.119773377664387 21.83031588792801 47.44142843410373
32.81353812199086 -13.817223208025098 27.76404053438455
33.45504915341735 -36.84905166737735 -32.09875579923391
-7.8406089916825294 -27.170303417369723 -37.40265453234315
-35.48775922972709 -11.249453155323863 10.989644681103528
-0.8196273818612099 -34.45931582245976 41.63117764983326
-46.83321702759713 -38.227468403056264 2.841115207411349
-47.68021549098194 -17.835189518518746 -32.415734813548625
2.489868178963661 26.252463646233082 -26.050630025565624
-34.51207629404962 -0.704528228379786 43.903306405991316
27.220689714886248 -44.793387851677835 40.81317300442606
4.1082605719566345 36.20162077713758 -22.483180975541472
-9.66180069372058 -45.85887212306261 0.05970492493361235
24.09160602837801 16.860106866806746 46.01485065650195
8.103409968316555 -37.0056236628443 27.231082296930254
25.527982134371996 40.25920175481588 36.74579067155719
-18.408741941675544 46.452262019738555 -33.2825381308794
-33.92196884378791 16.781816887669265 26.9630485214293
-1.7147987615317106 48.1388928135857 -0.8651004172861576
-22.074981778860092 25.738099357113242 -4.216631082817912
28.783172951079905 13.842953811399639 -43.12089316081256
-10.156277031637728 7.19336208421737 -49.371714727021754
-26.99868360068649 -40.018505230546 9.682745020836592
13.827229384332895 48.995980666950345 -35.072018299251795
23.187213903293014 -7.181393634527922 -26.9500813446939
24.44768059067428 47.143235872499645 41.26093592494726
-9.700808953493834 -43.62357133068144 4.538811161182821
-28.757133171893656 -46.058048703707755 18.299183272756636
-29.847983899526298 -13.063388341106474 1.253622118383646
47.18313121702522 -49.81898043770343 23.10513141565025
30.64578117337078 13.018873846158385 1.1299865785986185
25.9188738418743 -23.952822061255574 -6.158096273429692
20.36284999921918 -23.193200421519578 -6.911181402392685
29.842380760237575 6.149356020614505 43.700507399626076
-29.936047736555338 25.764164375141263 -38.68182625155896
24.356829607859254 -6.7801829893141985 8.921472844667733
-5.315180565230548 15.807027113623917 -45.0760334264487
20.515773724764585 44.771014037542045 -12.843101588077843
10.96417368389666 31.04430790990591 -9.7938192775473
-24.64287292677909 48.77532373648137 -34.83610365074128
-40.08910725824535 41.993503738194704 -28.132723458111286
16.489431471563876 46.32956206332892 -24.609579937532544
41.95873762946576 -29.129186109639704 -48.59295084606856
21.435257396660745 5.785503354854882 -33.88373591005802
15.320722898468375 -29.135506763122976 34.032585052773356
46.88075135927647 11.902298335917294 -32.893033837899566
-0.4592440091073513 -26.284013804979622 48.86569087393582
-12.104148976504803 27.703043492510915 33.46306753810495
0.691336952149868 35.7155337696895 0.3774440847337246
-31.05463481042534 47.84510389436036 -18.673862866126
-37.51342059113085 -13.98563738912344 -17.8592728683725
36.66927441954613 -9.97792340349406 48.00230355467647
20.818086620420218 17.674295720644295 36.30795527715236
-20.44999343343079 35.81391561310738 -17.1852063620463
10.49541246611625 -16.209693485870957 -16.560160252265632
-24.062687694095075 1.3202239759266376 -45.33277181908488
-5.417763395234942 -42.39645511843264 -47.447476047091186
-48.51811807602644 -35.5370968580246 5.32219703309238
-13.083823770284653 -46.720900875516236 -44.93347618263215
-10.597135429270566 -16.645277990028262 36.83315173257142
34.09700593911111 20.516013936139643 -33.44591467175633
15.200976328924298 25.079907779581845 48.53981574997306
42.05717626027763 -48.26207912992686 -16.475147800520062
-19.742785464040935 -13.32635071594268 -27.960375044494867
10.080419783480465 -2.3289119824767113 -43.678715568967164
16.149715171195567 6.966532999649644 -41.36236282065511
-18.690367345698178 -37.171009508892894 48.60828777309507
35.44031507335603 -38.5281200055033 5.690996861085296
43.90094447880983 -26.042511221021414 7.9019996570423245
11.638602311722934 -3.1221468234434724 -49.281249730847776
20.85994218941778 33.72419746592641 3.2915354939177632
15.548496367409825 -19.679603283293545 23.45973092596978
21.62841346580535 19.58133508451283 -1.4849184080958366
-27.152143488638103 -5.514878733083606 1.863403245806694
-46.10225111246109 28.88660803437233 -26.891138940118253
7.323560677468777 -15.489856386557221 -31.959066377021372
29.102195682935417 -43.86454566847533 -31.61874634679407
-43.617829494178295 8.555165817961097 -18.23327832389623
2.5286183459684253 45.45495044440031 7.403566827997565
-37.47140590567142 36.00285043939948 -37.9423312144354
-29.702598229050636 12.576466053724289 6.16440218873322
-13.444574666209519 33.26243448536843 -42.158534564077854
27.49051358550787 1.0822565527632833 -22.95987023971975
-2.9406476533040404 15.080832852981985 -39.94333893060684
-30.672884895466268 14.650546992197633 -5.842730519361794
-1.6284842509776354 -20.23647124879062 -22.999110375531018
-24.107404914684594 -25.799063849262893 -8.953034272417426
18.608782719820738 -34.78622764814645 -40.50565112847835
31.3403295353055 13.295670109800994 -19.080219231545925
34.897528239525855 48.72211480978876 18.638542178086936
3.8021223852410913 0.270520756021142 34.35416228603572
-40.08186524733901 -28.925984143279493 15.390985202975571
37.7618971047923 -2.5277414126321673 -12.570636766031384
-4.984439210966229 -20.089636906050146 44.70233228057623
37.96414504759014 -35.42165635153651 19.99664083123207
-34.02575396467 -39.34807076584548 -14.659292646683753
21.510227979160845 -36.810946417972445 -47.59618639945984
-15.605971263721585 -37.94937049970031 18.541066255420446
46.72655698377639 28.968924237415195 -15.727128786966205
9.699095250107348 23.1369063956663 24.76383214816451
-44.176665460690856 -45.177143975161016 -11.75154997035861
-42.99073643051088 21.287477994337678 38.70227674487978
46.23738725204021 30.80507703125477 -19.409667374566197
-2.7899930719286203 39.70569388475269 42.244293191470206
33.233575988560915 -49.557812698185444 23.750588740222156
-31.87614888884127 25.524019729346037 41.4632871048525
43.39360534213483 49.94823448359966 40.298636234365404
-41.234626388177276 1.4550639549270272 -29.036933137103915
18.471962958574295 -16.35483824647963 -27.966911485418677
-0.7987527875229716 39.985256805084646 -22.584967664442956
48.10198340564966 33.11472681816667 33.660242380574346
-48.82249468937516 -15.54182036779821 17.200985038653016
-29.80215847492218 11.981966788880527 -23.385840724222362
-3.1899796333163977 30.573542835190892 -14.77135089226067
32.39935643505305 13.423728058114648 -7.815436157397926
-46.94827499333769 -42.71206243429333 46.22631773818284
-11.685492843389511 -34.8464748589322 -21.791448933072388
33.54580441955477 -27.298401901498437 -36.99153000488877
-7.392273168079555 -40.10707444977015 19.403755734674633
-9.814924048259854 -13.007018016651273 24.694725987501442
-19.654145115055144 -6.327501963824034 -32.24276420660317
14.465496386401355 -35.1788135478273 -12.125644902698696
19.419639511033893 -27.000678959302604 23.88454235624522
-32.161873183213174 -19.107719766907394 27.182520180940628
-49.91814682725817 29.349019285291433 8.072368102148175
8.176383189857006 -26.88828364480287 -43.35041753947735
24.386088317260146 14.65589008294046 -8.1610347609967
8.258012286387384 26.760429283604026 36.89878983423114
29.03625243343413 -7.920813863165677 -40.953950164839625
-49.67780793085694 -42.562980810180306 14.099998050369322
-40.80134571995586 7.540197670459747 -12.670353916473687
9.532111138105392 -2.297273837029934 33.91296218615025
8.359269006177783 -18.387308553792536 23.805142054334283
39.60494282655418 33.795797429047525 1.494089118205011
6.90632110927254 -18.34648207295686 -33.78149822819978
-48.04159579798579 -48.15968826878816 29.525680490769446
-27.610249957069755 49.53697605524212 -7.366510154679418
-48.603825736790895 7.329666870646179 -11.417159717530012
-3.505182499065995 38.96533127408475 -1.0769481305032969
-48.71103069745004 -16.752119455486536 0.535463192500174
-11.794325592927635 -0.7388855563476682 17.386122210882604
30.684080393984914 -0.7633854635059834 -11.112784035503864
-3.4132172586396337 17.25650317966938 -8.536733593791723
41.120656952261925 43.914412427693605 31.308593461290002
-41.2231020629406 19.073712010867894 47.37374582327902
-5.966484057717025 -21.065029362216592 37.010462349280715
-48.262966237962246 -17.863835929892957 44.70475639682263
-33.91254392918199 30.819487990811467 6.14384557120502
33.922693552449346 -24.247902212664485 -41.205742210149765
6.4163317903876305 38.6832955526188 12.007441348396242
-36.84788381215185 -10.487954248674214 38.90289089176804
-30.973420129157603 16.55791881494224 -16.429478232748806
23.438281379640102 37.36069840379059 -35.86321871262044
41.466850065626204 -18.472279608249664 19.774049427360296
-18.544826819561422 -6.749463197775185 47.35105459112674
-25.74487179517746 -26.387263531796634 -28.879854059778154
44.50594570953399 -13.449520873837173 -38.72397232335061
43.24380047619343 31.75121631938964 36.95534646976739
-24.14940306916833 47.88320616353303 -28.985513537190855
-33.361613657325506 42.23210464697331 -6.961619411595166
39.95863979216665 8.022587466984987 3.2121624564751983
-22.125678369775414 18.97669027093798 -8.11590829398483
34.79310036636889 -19.05003171414137 -8.956174948252738
-34.55784390680492 -21.349494555033743 11.987358517944813
-11.014667991548777 -39.162255357950926 48.08509135618806
25.92678323853761 26.524181803688407 -22.537528863176703
-2.7409978676587343 19.216294982470572 16.53899836819619
39.72672703675926 32.725158985704184 -11.612329259514809
-18.00302437040955 -48.7673313356936 -39.338019234128296
-26.134624681435525 34.304972854442894 -27.718687197193503
-2.471607970073819 -12.65599261969328 -45.618701446801424
46.068732743151486 -46.17921458557248 37.95628915540874
2.0186886889860034 44.528697966597974 7.72532788105309
39.70909446943551 0.1614069566130638 -36.60157942213118
15.619888831861317 -37.61132243089378 34.706243430264294
4.673957964405417 41.32470218464732 34.10230567678809
