-0.3161156545393169 -0.7551906439475715 0.5984869352541864
-0.3342043631710112 -0.700365861877799 -0.6396820852532983
-0.8793537206947803 0.1659674276597798 -0.8055443400517106
0.8484202311374247 0.05146537069231272 -0.8004163429141045
-0.7440872411243618 0.7496880246326327 -0.4821654437109828
-0.1831863047555089 0.10017317486926913 -0.9140787362121046
0.2055882951244712 -0.6140609523281455 -0.43527665454894304
0.5978808756917715 0.7491481998004019 0.5330895399674773
0.9326208359561861 0.5096709402278066 0.4049962223507464
0.9930731556378305 0.4838844775222242 -0.5243533882312477
0.7729291832074523 0.8550261640921235 -0.6641680914908648
0.26256494875997305 0.7377210967242718 0.1038703927770257
-0.08266854891553521 0.7253822004422545 -0.28479140857234597
0.16003900859504938 0.6130150854587555 -0.17201803904026747
-0.21363415056839585 -0.9459789982065558 -0.873129166662693
0.32903913501650095 -0.9146269019693136 0.3643763540312648
0.2425390314310789 0.06853460613638163 0.6125282291322947
0.9991087289527059 0.9366536107845604 -0.7315249550156295
-0.07686794875189662 -0.960377702023834 -0.5449681524187326
0.9690466248430312 0.6397602716460824 0.05372046120464802
-0.140674056019634 0.7206941051408648 0.9635181375779212
-0.6040266496129334 0.7995301205664873 0.6353670572862029
0.7736873980611563 0.9298998564481735 -0.9450149992480874
0.4986574910581112 -0.1950734779238701 -0.22044696658849716
0.3459722399711609 0.6436508139595389 0.31198343448340893
0.47325190948322415 -0.1924727289006114 -0.90748451044783
0.9751842259429395 -0.8633468165062368 0.931768607813865
0.7189906504936516 0.4455616301856935 0.8591569326817989
-0.47292171977460384 0.5672102668322623 -0.24428360536694527
0.8245468512177467 -0.6257307203486562 -0.45359335001558065
0.4555277298204601 -0.08783770026639104 -0.7173020709306002
0.04937642998993397 0.8027960667386651 -0.31006074603646994
0.5893167690373957 0.1684474190697074 0.1672734315507114
-0.8573155682533979 -0.3445698553696275 0.3704931805841625
0.9959768825210631 0.7464262205176055 -0.8782365410588682
0.3556532100774348 -0.5635526636615396 0.23983957944437861
-0.6071510701440275 -0.07345305662602186 0.6998166847042739
0.6233601826243103 0.5051040900871158 0.33535344945266843
-0.6374451811425388 0.1227618595585227 0.132579046767205
-0.4836095697246492 -0.2138494849205017 -0.8833021777682006
0.7529780515469611 0.9045945452526212 0.9069864214397967
0.4170379312708974 0.4440028923563659 0.7142434846609831
-0.9745635371655226 -0.18517614994198084 0.19963652500882745
0.2912539471872151 0.19338782876729965 -0.3752332851290703
-0.3235206357203424 -0.3870552652515471 0.04427654109895229
-0.9950580666773021 -0.12535224808380008 0.6485636099241674
0.7696790909394622 0.3029057956300676 0.5388018959201872
-0.29676770651713014 0.4178041238337755 -0.13137446343898773
0.6415743315592408 0.764907889533788 0.4647920010611415
-0.4820981277152896 0.8389188996516168 0.46809245832264423
0.9632958243601024 -0.525120893958956 -0.8509707190096378
-0.08682011812925339 -0.3688522460870445 0.597848960198462
0.21720657451078296 -0.559745985083282 0.9807567945681512
-0.07524467306211591 0.6729996646754444 0.9690008410252631
0.4246016647666693 0.9185896520502865 -0.6268902933225036
0.6634674440138042 -0.8551300880499184 -0.5913563817739487
0.6454661097377539 0.5178073323331773 -0.7621104503050447
0.4755085245706141 0.2291887030005455 -0.352261948864907
0.010972351767122746 0.7114588245749474 0.8352049542590976
-0.33181776432320476 0.28284154227003455 0.7333732014521956
-0.02349449461326003 -0.20169640565291047 0.23558169649913907
0.45992519799619913 -0.6648418144322932 0.04876143392175436
-0.18738780450075865 0.31421230686828494 0.41153718810528517
-0.7608109344728291 -0.44399886298924685 -0.2585892151109874
0.48755465541034937 -0.29066515946760774 0.4500769330188632
0.015696621034294367 0.21816415153443813 0.3372879638336599
0.49846192356199026 0.30606231186538935 -0.3116852925159037
-0.7096304087899625 0.09600633522495627 -0.4406923414207995
-0.5978235569782555 0.11030628392472863 -0.3511408311314881
-0.21340821776539087 -0.5933994860388339 -0.04352715611457825
-0.0690918113104999 0.9878207063302398 -0.8366737714968622
-0.16204589698463678 -0.6866219192743301 -0.9879698236472905
-0.12239442486315966 0.023020525462925434 0.11630797712132335
0.2153322072699666 -0.2563680405728519 0.8358896067366004
0.057228968013077974 -0.8100560936145484 -0.06555719440802932
0.6038254802115262 0.1460915021598339 -0.5984847261570394
0.16665330668911338 -0.6231933133676648 -0.9653613744303584
-0.38306337408721447 -0.05193773563951254 0.674972957931459
0.7405057311989367 0.28842899668961763 -0.2791604236699641
-0.1672575818374753 -0.6229091049171984 -0.10510632349178195
-0.4452565968967974 0.8120582303963602 0.2741298391483724
-0.31826559733599424 0.981709823012352 -0.9516257760114968
-0.33717028656974435 -0.49932299461215734 0.2874694080092013
-0.22768675768747926 0.07374485582113266 0.5728329825215042
-0.8512183711864054 -0.18661363702267408 0.37266347790136933
0.10591754503548145 0.6824535694904625 -0.40925567178055644
0.30242883786559105 -0.58924729982391 0.9299137955531478
-0.7697514747269452 0.48068108316510916 -0.7836950975470245
0.9010895485989749 -0.7924292646348476 -0.3496037619188428
-0.3999307258054614 0.3894371436908841 0.6747948774136603
-0.4394805124029517 -0.4293128182180226 0.49138307152315974
0.4413557518273592 0.8645283589139581 0.36673500295728445
-0.3498997902497649 0.4166567390784621 -0.5045474064536393
-0.145020951051265 -0.11607021326199174 0.15295125730335712
0.4554079812951386 -0.12190274707973003 -0.7761768037453294
0.6425840398296714 0.7451587016694248 0.46500799991190434
-0.6359076513908803 -0.3299796637147665 -0.5577287008054554
-0.8544650860130787 0.6275616940110922 -0.5407373709604144
-0.1118613239377737 -0.023902256041765213 -0.13748963363468647
-0.07654260937124491 0.7053750227205455 0.7647227831184864
