0 0 0 0 0 1.6482651829719543 0 0 0 0 0 0 1.0525543675757945 5.800194359850138 0 10.004949496593326 0 0 0 0 0 0 0 0 0 0 0 0 0 0 2.0007301345467567 0 1.6340155866928399 0 0 0 0 9.686964854132384 9.097894382663071 0 0 1.770008903928101 9.614218069706112 0 0 7.5650134813040495 0 0 0 0 0 0 0 0 4.506529005244374 0 7.009342004545033 0 0 0 0 0 9.300189583096653 5.116975935176015 0 0 0 0 6.0489348149858415 0 0 0 0 0 0 0 0 0 0 0 0 2.6279185912571847 0 9.21999091655016 0 0 5.003991507925093 0 0 0 0 0 0 0 0 0 0 0 0 0
0 0 0 0 0 0 0 0 0 0 2.77139182575047 0 0 0 0 1.0992345833219588 0 0 0 5.6668323944322765 0 6.327955216635019 8.996453049127012 10.312303091865033 10.47167967678979 0 0 0 2.618719259276986 2.607276916038245 0 0 0 0 0 0 8.684119360055774 0 0 0 0 0 0 10.215547144412994 0 0 7.6462521883659065 0 8.73621320258826 0 0 0 0 0 7.768516248557717 0 0 0 0 0 0 0 0 0 0 5.534825996961445 0 0 0 0 0 0 0 0 0 0 0 0 0 0 0 1.8326773927547038 0 0 0 0 0 0 0 0 0 0 0 0 2.494596025440842 0 0 1.3246283065527678 0 0
0 0 0 0 0 0 5.32890685973689 0 1.1293336134403944 10.954902289900929 0 0 0 0 3.2502790577709675 5.705712487921119 0 0 0 0 0 0 0 0 0 0 0 0 0 0 0 0 0 0 0 0 10.628751203417778 0 0 0 2.806622324511409 6.005347591359168 8.129946623463184 0 0 1.8267380646429956 0 0 1.6524688913486898 0 0 3.4160495260730386 0 10.87726405262947 0 0 5.017547068651766 0 0 0 0 0 0 0 0 0 0 0 0 0 0 0 0 0 0 0 0 1.2427256293594837 0 0 0 0 6.611464963294566 0 0 0 6.568110244348645 0 0 9.756300851237029 0 0 0 2.3763838191516697 0 0 0 0 0 0
0 0 0 0 6.075298461597413 0 0 0 1.5038166814483702 0 0 8.73147246800363 0 0 0 0 0 0 9.99272583425045 0 0 0 0 0 0 0 0 0 0 0 0 0 0 0 0 0 0 0 0 0 0 6.079242817591876 0 0 0 6.5639201565645635 0 0 0 0 0 0 0 0 0 0 0 0 0 0 1.1431861869059503 0 0 0 0 0 0 0 3.640687287785113 4.93129872623831 0 0 0 0 7.97857953608036 0 0 0 0 0 0 9.633381852414459 0 0 0 0 0 0 0 0 0 0 0 0 0 8.862302851863205 0 0 0 0
0 0 0 6.095735806971788 0 0 4.216176116839051 0 0 0 0 0 0 7.112414032686502 0 0 0 0 4.696618978865445 0 0 0 0 0 0 0 0 8.061124679166824 0 10.203860778361559 0 0 0 0 0 0 0 0 0 0 0 0 0 0 0 0 4.482243523467332 0 0 0 0 0 0 0 0 0 0 0 0 0 0 0 0 0 7.060324958525598 0 0 10.498081472702324 0 4.333093777764589 0 0 0 0 0 0 0 0 0 0 5.732630499638617 2.814351244829595 10.431393316481262 0 0 0 1.1780705526471138 0 0 0 0 0 0 0 0 0 0 0 10.24108553212136 0
3.2862533456645906 0 0 0 0 0 0 0 0 7.891004624776542 0 3.852334266062826 0 1.6892354530282319 0 0 0 0 0 3.0077960891649127 0 0 0 0 0 0 0 0 0 0 0 0 0 0 0 7.362483706325293 0 0 0 0 0 7.282131508924067 0 0 0 1.702192964963615 0 0 0 0 8.682057484053075 0 0 0 0 0 8.50964273698628 9.192465032916516 0 4.362561934627593 0 0 0 0 0 2.3482584222219884 10.494592230767012 4.887722308281809 7.247022429015487 4.8144710240885615 0 9.733104218263179 0 0 0 0 0 0 0 0 9.285229224711657 0 0 9.27402135822922 0 0 0 0 6.519732623361051 0 0 0 4.8422095868736506 5.6202684892341495 0 0 0 0 0 0
0 0 3.4024333339184523 0 7.376860251184553 0 0 0 0 0 0 0 0 0 0 0 6.492991656064987 0 0 0 0 1.6682802271097898 0 7.160677061416209 0 0 0 0 0 0 5.921002900227904 1.2635177853517234 0 0 0 9.651261450722814 0 2.214366175699979 0 0 9.288227880839258 0 0 0 0 0 0 0 0 0 0 0 0 0 0 0 0 0 2.2901534768752754 4.568753402214497 0 0 0 0 0 0 0 1.405517308972776 0 0 0 0 8.886351549532264 0 0 10.40719210775569 6.667174125555903 0 0 0 0 6.716394139453769 1.7197843887843192 0 0 0 0 0 10.262586873956025 0 0 0 0 0 0 0 0 5.196076530497521 0 0
0 0 0 0 0 0 0 0 0 2.3410377013497055 0 2.7546979594044387 7.296030145604163 0 3.2454857197590172 0 0 0 0 0 0 0 0 3.9139724536798894 5.0121464361436665 1.4093880369327962 0 0 4.839551294222474 0 0 0 0 0 0 0 0 0 0 0 0 0 0 0 9.350482317619026 0 2.7334912507794797 0 0 0 4.482289875391871 7.295535371173173 3.0606038090772927 0 0 0 0 0 0 0 0 0 0 0 0 0 0 0 6.528075129259378 4.819505844730884 3.246065738145262 0 6.132130614947528 0 0 0 1.5256037972867489 0 0 0 0 0 0 0 0 0 0 0 10.070626366883516 0 0 0 0 0 0 0 0 0 2.3341116486117244 0
0 0 1.4608237836509943 4.969081030227244 0 0 0 0 0 1.5901333945803344 0 3.343332099262625 0 0 0 8.0001480425708 0 0 0 0 3.1506667719222605 4.081540723796934 0 0 0 0 0 0 0 0 0 0 0 0 7.324197417125106 8.235878889914602 0 0 0 0 0 3.660795885603875 0 0 0 0 0 0 0 0 7.347775016911328 0 0 0 0 0 0 4.5761988162994385 9.566180504858494 0 0 0 5.529678118415177 2.786932023242116 0 0 0 0 0 0 0 0 0 2.2208955828100443 1.0683186831884086 0 0 0 0 0 10.661320622544736 0 0 0 0 0 1.6922172172926366 0 0 0 0 0 0 0 0 0 0 0 0 0
0 0 6.9153078543022275 0 0 3.623629351146519 0 6.413824163842946 9.999178491067141 0 0 0 0 0 0 0 0 0 0 0 0 0 0 0 0 0 0 0 0 0 0 5.43837791448459 0 0 0 0 0 9.339085557963699 0 0 6.653670774772763 4.916804604232311 2.619215258397162 0 0 10.84661279944703 0 0 0 4.752366697881371 0 1.6081397226080298 0 9.550985052715987 1.0113032385706902 0 0 0 0 0 0 0 8.814674621913582 8.22116910154 0 1.6558960070833564 0 0 0 0 0 0 0 0 6.937430844642222 0 0 0 0 0 0 0 0 0 2.8430499616079032 0 0 6.125887366011739 5.199079752434045 0 0 0 0 0 0 0 0 0 4.6740664835087955 0
0 6.740916586946696 0 0 0 0 0 0 0 0 0 5.248632348608226 0 0 0 0 0 0 2.691054899711162 0 0 1.4300277004949749 0 0 0 6.96856257179752 0 0 4.929759261664003 0 0 0 0 0 0 0 0 0 0 0 0 0 0 0 0 0 0 0 0 3.5087826675735414 0 0 0 0 2.270828153938055 0 0 0 1.5275417026132345 0 0 0 0 0 1.7432380504906178 0 0 10.530164473690093 6.753137639258057 0 2.273415850009769 0 0 0 0 7.420747933443636 0 0 0 0 0 0 0 3.0968896546401083 0 0 6.125286602415144 0 0 0 7.45112895173952 0 6.0817497237585485 0 1.5273487558588386 0 0 1.6309568835422397 1.5088297463953495 8.741250253748149
0 0 0 8.220630508381873 0 2.440120607148856 0 6.894486031029373 10.871115363202989 0 9.811698213685304 0 0 0 0 0 0 0 0 0 0 0 0 0 0 0 10.8383953073062 0 0 0 10.753127524163574 9.388850325718522 6.162768303416669 0 2.662866408005357 0 0 0 0 8.08026769803837 3.2665701038204134 0 8.571371640078723 6.407600535545498 0 0 0 0 6.356320806313306 0 0 10.29764598608017 0 0 0 7.225444325245917 0 0 0 0 0 0 0 0 0 0 3.0963061368092895 1.7057264959439635 1.540194376371801 8.299121650867164 0 0 0 0 0 0 0 0 0 0 0 0 0 0 0 1.936615583486855 0 10.284688627813011 0 0 0 0 0 4.610690226778388 0 0 0 0 0 0
7.753742778673768 0 0 0 0 0 0 6.937305099796504 0 0 0 0 0 0 0 0 0 4.602020794060081 0 0 0 0 0 0 0 0 0 0 0 9.778931244742125 0 0 0 0 0 0 0 0 0 3.0095628523267806 0 0 8.350388672202826 0 3.297323220409453 0 0 0 0 0 0 0 0 0 0 0 0 0 0 0 0 0 0 0 0 0 0 0 0 3.8748693829402328 0 0 8.65806466108188 0 0 0 0 0 0 0 0 0 0 0 0 9.620100461412221 0 0 0 0 0 0 0 5.996838436927646 0 0 0 0 0 0
4.49177147494629 0 0 0 7.315920860506594 9.19750675233081 0 0 0 0 0 0 0 0 0 4.371172563638538 0 0 0 0 0 0 0 0 0 0 2.538506066426635 0 7.606079181656241 0 0 0 0 4.672795156016946 8.541081784293056 0 2.8318524537608027 0 5.511138596571982 0 4.608401918318123 0 0 1.07242975756526 0 7.425063363276422 0 0 0 3.07694286480546 0 0 0 0 0 0 0 0 0 0 0 0 0 0 10.519445879850537 0 0 0 0 0 0 0 0 0 10.991703398991376 9.766262917779386 0 6.674140753690153 0 3.215017026755959 9.381545839365572 0 0 0 0 0 0 0 1.5957766249775887 0 8.240432323887944 3.4889397365041077 0 0 0 0 0 0 0 2.9587026303634048
0 0 6.780518120154738 0 0 0 0 7.4599078497849405 0 0 0 0 0 0 0 0 0 0 8.84704643767327 3.87874277215451 6.2971077314578 0 6.884868728462607 0 0 0 0 0 0 2.3602980319410563 0 0 0 8.916673084255308 0 0 0 0 0 0 0 3.527742392849177 0 0 2.6215547267347574 0 0 0 0 0 0 0 0 0 0 0 0 5.563976724166423 1.7536646607331932 0 0 0 0 0 0 9.445634779054672 0 0 0 0 10.681781271938235 0 0 0 0 0 0 0 2.191234728321433 0 0 4.313966349232942 0 0 7.556631296407431 0 0 0 2.7844487447291613 0 0 0 0 0 0 0 0 2.4100101497024298 0 0
5.865758060477674 7.1271134577691555 9.241093927063048 0 0 0 0 0 4.423013910651207 0 0 0 0 2.7864504805766046 0 0 0 5.894711938686669 10.638927248306572 0 0 0 0 10.078327207826078 0 0 0 3.189911736641079 0 0 6.279612471349537 8.379530929028988 6.008437670767307 0 0 0 0 0 0 6.0079713319428265 0 0 0 0 5.415001734159887 0 0 0 0 0 0 0 0 0 0 1.076679999474436 0 0 0 5.992890728171915 6.245023313909769 0 0 0 0 0 0 0 0 0 0 0 10.763697495218366 0 0 0 0 0 0 10.1649882029742 0 0 0 1.9578244178555906 0 0 0 0 0 0 8.637862348929048 0 0 0 0 0 0 0 9.400508931372315 0
0 0 0 0 0 0 6.074755528476089 0 0 0 0 0 0 0 0 0 0 0 1.2273155725561082 0 0 0 0 0 0 0 5.427771382033825 0 6.461225821636617 0 0 0 0 0 0 0 2.7987735383212566 3.1754694473929703 8.45293429819867 0 0 0 0 0 0 1.1098149339668453 0 0 4.652422653976828 0 0 0 4.8179249642416835 0 0 0 0 0 0 0 0 0 0 0 3.708216244354844 0 0 0 0 0 6.2163294586353 0 0 0 0 0 0 0 1.936492367181927 0 0 0 0 2.350285541266203 0 0 0 0 0 5.937588882166892 2.879860255867243 0 0 0 0 0 0 0 0 3.2568632499314845
0 0 0 0 0 0 0 0 0 0 0 0 8.43681673426181 0 0 10.418260373640805 0 0 0 0 0 0 6.537698296830058 0 0 0 0 0 5.697777982801199 0 0 0 0 1.1493076281622052 0 0 8.729678470641375 0 0 0 0 0 1.5501667433418334 0 0 0 0 0 0 1.6633492629043758 0 0 0 0 0 0 0 3.4145424319431186 0 0 0 0 0 0 7.3642199989408255 0 0 3.2340142307803035 0 0 0 4.494570325128734 0 0 0 0 0 0 0 0 9.833215988706797 9.382584978826344 0 0 0 0 0 0 0 0 0 0 0 0 0 3.1721548680216074 4.655275208875537 6.847447284031659 0 0
0 0 0 8.356338002718985 1.1036519487388432 0 0 0 0 0 9.87316617416218 0 0 0 6.02430166117847 9.509991636965424 3.9313207720406353 0 0 0 1.309175483416766 0 6.48094526398927 0 0 0 6.958271115086973 0 0 0 0 0 5.802799085155129 0 0 0 0 0 0 4.172793365083635 0 0 4.9887894643470645 0 0 0 0 8.980994288809597 0 0 0 0 0 0 0 6.526538132689893 0 0 0 0 5.953567078337073 0 0 0 0 0 0 0 0 0 0 0 0 2.383692570962012 0 0 0 0 0 0 0 0 3.1036338177509606 0 9.20640459889546 0 4.8152628391981125 0 10.599095592275262 0 2.165987872518599 0 1.524759185500443 0 0 0 0 0 0 0
0 3.0059170643799007 0 0 0 1.2878972422331572 0 0 0 0 0 0 0 0 4.911510950420052 0 0 0 0 0 0 0 0 4.7527839513495564 0 4.80493744276464 0 0 0 0 0 0 2.913791592232883 0 0 0 8.461212053894997 0 0 0 0 0 6.302399892825633 0 0 0 0 0 4.581091982778162 0 0 0 0 0 3.1734418184496462 0 0 0 3.998063755221665 0 6.466016125865281 0 3.623148811981082 0 0 0 6.893035738263279 0 0 0 0 0 0 0 0 0 0 8.724945105146617 0 0 0 0 0 0 0 0 0 0 0 0 9.285683586727828 0 1.2214178396388888 0 0 0 0 0 0 7.757142001297325
0 0 0 0 0 0 0 0 6.402158945798874 0 0 0 0 0 2.366926417686045 0 0 0 7.682780412957072 0 0 0 0 0 0 0 2.7598620243370533 0 0 0 0 1.5749818007461727 0 0 0 0 0 0 0 0 0 4.315594245214015 8.308456203900278 3.2333882888779044 10.552437327802181 0 0 0 0 0 0 0 0 0 3.778818844817579 0 0 8.261759846005589 0 0 5.978232851717621 0 0 0 0 0 0 0 0 0 0 1.879817376844585 0 2.4431522600352764 0 0 0 0 7.5263268398121 2.6823940468020737 0 8.020998562220484 0 0 0 0 6.27049423661083 0 0 4.2931276061572134 10.788899081759155 0 0 0 0 0 0 0 0 0
0 3.834434607066214 0 0 0 0 8.925008106976748 0 7.295786718837917 0 4.370530994143337 0 0 0 0 0 0 0 0 0 0 0 0 0 7.839308571070433 9.65210787160322 0 0 0 0 0 0 0 4.337255823425949 0 2.6714712767861784 0 0 2.7880048789083958 10.649399055633694 0 6.084279614966363 0 0 8.179037691093981 3.970391868147999 0 0 0 0 1.7257911353372037 0 0 0 0 0 0 3.8861756855621934 4.768956430722028 0 0 0 0 0 0 0 0 0 0 0 0 0 0 0 0 0 0 0 0 0 0 0 9.433585537131876 0 0 1.6746033672243357 0 0 0 0 0 1.3130461950786412 0 0 5.159072262700647 2.9960224139504135 0 0 0 0
0 6.154582224786282 0 0 0 0 0 0 0 0 0 0 0 0 3.7934531960636377 0 0 3.9434497631154954 9.417464217636734 0 0 0 0 0 0 0 0 0 0 0 4.926683058962226 0 0 3.706682381685823 0 0 5.003471098840237 0 0 0 0 0 0 7.594938363414258 6.551099658478051 0 0 0 4.12113840598613 9.405614059884101 3.0323296799324453 0 0 10.450149943586439 0 5.955285063479096 10.018644650932401 0 0 4.496521187480539 0 0 0 0 2.287208383437246 0 10.057280393317342 0 0 0 0 0 4.472904551308602 9.921331104356796 0 0 0 9.404393577948213 7.141372499987483 10.822640670463443 3.710955748334527 0 6.078573587816209 6.3798866854049265 6.722566631156951 0 0 0 2.076407302170992 0 0 0 0 1.9116460545919836 0 4.872520071454346 0 0 0 0
0 7.813079812563956 0 0 0 0 6.961999264545739 4.844387670978904 0 0 0 0 0 0 0 6.316660373937339 0 0 0 3.6800301834009588 0 0 0 0 0 0 0 2.2080401554703712 0 0 0 0 0 6.511707467958331 0 0 0 0 0 0 0 0 7.881606366951019 0 0 9.517375991214067 0 0 0 9.048191028647125 0 0 0 0 0 10.641776971984655 0 0 0 0 0 0 0 0 3.795535868499428 0 10.619972598738968 1.5127188935875893 0 0 8.143588962499052 0 0 0 0 0 7.187833875883371 0 0 0 0 0 0 0 9.701617773622274 0 0 0 0 0 0 7.478330905083567 0 0 0 0 3.6666465681046247 8.589088666718453 0 0
0 4.410345823504031 0 0 0 0 0 10.66369481291622 0 0 0 0 0 0 0 0 0 0 0 0 0 4.157456140033901 0 0 0 0 0 0 0 0 0 5.92229926167056 0 0 0 0 0 0 4.04825181607157 0 2.7818458564579487 0 0 0 0 0 0 0 0 0 0 5.7942300396971405 8.067279070615768 0 0 0 0 0 0 0 0 0 4.39528568321839 5.328542754519731 10.713460570201278 0 4.482389231212437 0 0 10.360146378166974 0 0 0 0 0 10.693385348655283 5.625863197725266 0 0 0 0 0 0 0 8.92878701351583 3.7138703875243664 0 0 0 7.1941889696754515 0 0 1.8174072578549385 0 0 10.432683812920004 0 0 0 0
0 0 0 0 0 0 0 4.578605582006276 0 0 5.891117548104376 0 0 0 0 0 0 0 0 4.610681949649006 0 4.855203038547188 0 0 0 0 0 0 0 10.0668786293827 0 0 0 0 10.935355817433447 0 0 0 0 0 0 0 6.750199919566512 0 9.263900768943131 0 0 0 0 8.087329013738781 0 0 0 0 0 0 0 0 3.7535948157310486 0 0 8.909704139456153 0 0 0 0 9.370499957818538 0 0 0 0 0 0 0 0 0 4.0679211602546275 2.501173840370029 0 0 0 5.70381764927879 0 0 3.6809517038054764 0 0 0 0 0 0 0 0 0 0 0 3.3239185847342014 0 0 0
0 0 0 0 0 0 0 0 0 0 0 5.50470075244084 0 3.0283688232302666 0 0 2.8373011029325426 0 1.9466307354159653 0 10.855078081600368 0 0 0 0 0 0 0 0 0 0 0 0 0 0 0 0 0 0 0 6.016220037359744 0 0 0 4.154954230412841 0 0 0 0 0 7.947909391019493 0 2.253327813465148 0 0 0 0 0 8.890970015432686 0 0 0 0 0 10.424241026863456 0 4.359538747463375 0 0 0 0 0 0 1.4348794603720307 3.285287515260279 0 0 0 0 9.288994075264782 0 0 0 0 0 0 0 0 0 0 7.17863291176036 0 10.093804496806115 0 0 0 0 2.7575607844628394 2.9956641201861203 7.205695236567408
0 0 0 0 6.090837928000838 0 0 0 0 0 0 0 0 0 0 3.6624768530018628 0 0 0 0 0 0 0 3.4426877545192838 0 0 0 0 0 0 0 7.737642441876233 0 0 0 9.183639005292207 0 0 0 0 0 0 0 10.173543411307037 0 0 0 9.549116274807602 0 0 0 0 0 0 1.6566563667729497 8.651210885960609 0 0 0 0 0 0 0 0 0 0 0 10.18602702440694 0 0 0 1.8706948906183243 3.951090862043202 0 0 0 0 0 0 0 0 0 0 0 0 0 0 0 0 3.3169398307800293 5.051547304261476 0 0 0 0 0 10.924705000594258 0 0 0
0 1.4050419945269823 0 0 0 0 0 8.253228975459933 0 0 10.85494177090004 0 0 7.733379187062383 0 0 5.015912890899926 1.7301897276192904 0 0 0 0 0 0 0 0 0 0 0 6.159773377235979 5.172736657783389 0 0 0 0 0 0 0 0 0 0 6.4069945006631315 0 0 0 0 9.05624358355999 0 0 0 4.823161348700523 6.402813823893666 0 0 7.353754014708102 0 0 0 0 10.710590846370906 0 0 0 1.5688915099017322 0 0 0 0 0 0 2.8669400340877473 0 0 0 0 8.23025968996808 2.942067223135382 0 0 0 5.07077853102237 0 0 7.998400168959051 0 10.483805953059345 3.8201741608791053 7.058143908157945 7.895898806396872 0 0 0 4.84230128955096 5.729529805481434 0 0 0 0 0 0
0 9.772781905718148 0 0 4.62949249567464 0 0 0 0 0 0 0 4.281144660431892 0 5.650662611238658 0 0 0 0 0 0 0 0 0 0 1.7387091871351004 0 0 8.94318547938019 0 0 0 8.282318181823939 0 0 0 0 0 0 0 10.407690761145204 0 0 8.440903463866562 0 5.553756806999445 9.803387084044516 0 1.6513363332487643 4.950907450634986 0 2.332737870980054 0 0 0 0 0 0 0 0 0 0 0 0 4.585649298038334 0 0 0 0 0 0 2.577052460052073 0 0 0 0 0 0 0 0 0 0 0 0 1.5555952270515263 0 1.1109477691352367 0 0 0 8.833966996986419 0 0 0 0 0 0 0 0 0
3.955242060124874 0 0 0 0 0 6.749647894408554 0 0 0 0 4.742073988541961 0 0 0 7.657004675362259 0 0 0 0 0 0 7.417177044786513 0 0 0 0 0 5.058535418007523 0 0 0 5.927623560652137 7.516461914870888 2.12433661473915 0 2.216867147013545 0 0 0 0 3.3185370955616236 0 0 0 0 0 0 0 4.896792083978653 0 1.1170604838989675 0 0 0 0 0 0 0 0 0 0 0 0 0 0 5.620227413251996 0 0 0 0 0 0 0 9.584119661245495 0 2.138279272709042 4.307603378780186 0 0 0 0 0 6.1049768179655075 0 1.41359456256032 0 0 0 0 0 0 0 0 1.3656222112476826 7.495573322754353 0 0 0 0
0 0 0 0 0 0 10.617367361206561 0 0 3.192690777592361 0 10.28503159666434 0 0 0 3.450735531747341 0 0 0 0 8.764379845466465 0 0 0 8.777128894813359 0 0 9.314050862099975 0 0 0 0 7.283103332389146 0 0 0 0 0 6.917580951936543 0 0 0 5.073159343097359 0 0 0 0 0 6.9271617396734655 0 0 0 10.278482170775533 0 0 8.316937420982867 0 0 0 3.3440426983870566 7.932276911102235 0 0 0 0 0 0 0 0 0 0 0 0 0 0 0 0 0 0 0 0 0 0 4.208670821040869 0 0 8.401094450615346 0 0 0 0 0 0 0 0 6.127618538681418 0 10.193762827198952 0 0
9.767093284986913 0 0 0 0 0 0 0 0 0 0 6.408626815769821 0 0 0 3.203734500799328 0 0 4.6576599115505815 6.944893974810839 0 0 0 0 0 0 0 0 0 1.0936219678260386 5.097836590372026 3.64345831470564 0 0 1.2258914662525058 0 0 0 0 0 0 0 0 0 0 7.0309295216575265 1.2357585704885423 0 0 0 0 5.103139089420438 0 0 0 0 7.585815611761063 0 9.233675924129784 4.698041131719947 0 0 0 0 0 0 0 7.561128874309361 0 0 10.503604308702052 0 2.665487301070243 4.826709380373359 0 2.846098410896957 0 0 7.285718514118344 0 0 0 5.0449337544851005 9.678833432495594 0 10.136287504807115 0 9.83564930409193 0 0 4.176624933257699 9.123033451847732 0 0 0 0 0 0 10.412483151536435 0
0 0 0 0 0 0 0 0 0 0 0 0 0 2.3473354233428836 4.0270955874584615 0 0 8.094341658521444 0 0 0 6.789982213173062 4.892554535996169 6.548000477720052 0 0 0 0 0 0 2.9454954541288316 0 0 0 0 0 0 0 4.065960640087724 0 0 0 0 0 2.8041147594340146 5.668041318655014 10.192195122595876 0 0 1.3176532848738134 0 0 0 6.465021952986717 0 0 0 0 0 0 3.312942056450993 5.551664332393557 0 0 0 0 0 0 0 0 0 0 0 0 3.9916075454093516 0 0 3.4822812317870557 0 0 0 0 8.786536870989949 0 8.472503504250199 4.830766438040882 0 0 0 0 0 8.477846387773752 0 0 0 0 0 0 0 0
0 0 0 0 0 0 0 0 6.499321531970054 0 0 1.3223455348052084 0 8.15960449539125 0 0 0 0 0 0 0 0 0 0 0 4.944064020179212 0 0 0 0 10.676733459345996 0 8.510325519833714 0 0 4.849655264057219 0 0 6.98681355593726 0 0 0 0 7.903673496562988 6.690637843217701 0 0 0 6.695668801199645 10.731076783500612 0 0 0 0 0 0 6.311445342376828 0 0 3.326655292417854 0 0 0 0 0 0 0 0 7.640077813062817 0 0 0 0 0 0 0 0 0 5.320749083999544 0 0 0 0 0 0 6.640465912874788 6.906870297621936 0 3.872431545984 10.121604503598064 0 0 0 0 0 3.859594034962356 0 4.463215748779476 0 4.3650113036856055
0 0 0 0 0 7.868942761793733 1.7251889002509415 0 4.729516826570034 0 0 0 0 0 0 0 0 0 0 0 0 8.179638205561787 0 0 0 0 0 6.088182212784886 0 0 0 0 0 0 9.671320190187544 0 0 0 4.658269743900746 0 3.216009683907032 0 0 0 0 9.141691654454917 2.5951273939572275 0 0 0 0 0 0 0 8.79303468996659 0 5.242229403462261 0 0 0 2.057334654033184 0 1.4425061051733792 0 0 0 10.629069953225553 0 0 0 5.628173999954015 3.9969148407690227 0 0 2.5927594318054616 0 5.672352389898151 0 0 0 5.068017960526049 0 5.380658196751028 0 5.894509189762175 0 0 3.2031253459863365 0 0 0 0 0 0 0 0 0 0 0 0
0 2.303293281234801 5.692667566705495 0 0 0 0 0 0 0 0 0 0 9.67460341192782 0 0 4.731093448586762 8.729239640757442 0 6.549594450276345 0 0 4.185576754622161 0 0 0 0 0 0 0 9.738476671278477 0 0 0 0 0 0 0 9.342925761826336 0 0 0 0 9.673971337266266 0 2.1128240381367505 0 0 0 5.760297769680619 7.261987388134003 9.836008445359766 2.976278282236308 0 0 7.919713846873492 0 0 0 0 0 0 0 9.174325588624924 8.209304922726005 0 0 0 0 0 0 0 0 0 0 0 0 0 0 0 0 0 0 0 2.1727599753066897 0 8.863471109885722 0 9.895102548412979 0 0 0 0 0 0 0 0 0 0 0
9.214572169817984 0 0 0 0 0 3.207586851436645 0 0 5.670019980985671 0 0 0 0 0 0 4.843740781303495 0 0 0 0 0 0 0 0 0 0 0 0 0 0 0 0 0 0 0 0 0 0 0 0 0 0 0 0 5.082840108312666 0 0 6.087214442901313 2.010503692086786 0 0 0 0 6.196079043671489 1.8586408640258014 0 0 0 0 0 8.51068429555744 0 0 0 0 0 0 0 0 0 0 0 0 0 0 0 0 2.6243838309310377 0 0 0 0 0 0 2.839796311687678 0 0 8.943766047246754 0 0 0 0 0 0 0 0 8.152269040234387 0 1.2105578011833131
6.096169405151159 0 0 0 0 0 0 0 0 0 0 0 0 7.330177632626146 0 0 6.949868892785162 0 0 0 0 10.136533325072378 0 0 6.01521922647953 0 0 0 0 0 0 4.792784202378243 0 7.994140921160579 3.809678176417947 8.367429272271693 3.2828558133915067 0 0 6.118223875761032 0 0 0 0 0 0 0 0 8.082014621701092 0 0 0 0 0 0 7.287988089025021 0 0 4.607632387429476 0 2.9000711501576006 4.176261952612549 0 3.770574511960149 0 0 0 0 0 8.899390656966716 0 10.590635427739471 9.003990375436842 0 0 0 0 0 0 0 0 0 0 4.260919239837676 8.950626034289598 0 0 0 0 0 0 7.382790736388415 0 0 0 0 0 0 0 0
0 0 0 0 0 0 0 0 0 0 0 8.63720610179007 5.691213127225637 0 0 4.037532200105488 0 0 3.357461778447032 0 0 10.088170947507024 0 0 0 0 0 0 0 0 0 0 0 0 0 0 0 0 1.4942636517807841 0 9.999640955589712 0 0 0 0 0 7.205403821077198 0 0 0 4.649589742999524 0 0 0 0 0 8.922565136104822 3.76374684413895 0 0 0 0 0 0 0 0 0 0 0 0 10.320774476509541 0 0 0 3.920282760169357 0 0 0 0 0 0 0 0 6.2268800674937665 0 0 6.670488190371543 0 0 0 0 0 0 6.261313198134303 0 0 1.9933965955860913 0 0 0
0 0 5.11110780434683 0 0 0 6.842486452311277 0 0 5.335109512321651 0 4.61308196792379 0 1.5261071887798607 0 0 0 0 0 0 0 0 0 0 7.408690030220896 0 3.737673386000097 0 0 2.105975026730448 0 0 0 0 0 7.477161126676947 0 0 0 9.738139916677028 0 0 0 0 0 0 8.816804442554712 0 0 0 0 8.17204497428611 0 6.281627324875444 0 0 0 0 0 0 0 0 0 0 0 9.699605029541999 0 0 0 0 0 8.774732764810324 0 0 6.782565986737609 0 0 0 0 0 0 0 9.299220243934542 0 0 0 0 7.9682801887393 2.3222765899263322 0 0 0 0 0 0 1.4495774279348552 2.3430901104584336 4.09991306392476 0 0
6.2313501364551485 0 8.419250847306103 8.267760091926903 0 7.388634575996548 0 0 2.2409226433373988 1.6630199146457016 0 0 0 0 6.280839956831187 0 0 0 0 0 2.0796132241375744 10.771242938004434 0 0 0 0 0 0 9.478904338553548 0 1.8864010917022824 0 0 0 0 0 0 0 0 0 0 0 7.352398796007037 0 0 0 0 2.030882631894201 9.516608611680567 0 0 0 1.9989052708260715 0 0 4.736703214235604 0 0 0 5.364213007502258 6.144452799577266 0 0 0 0 0 0 0 0 0 0 3.1573878033086658 0 0 7.985244352836162 0 0 0 0 0 0 0 0 0 0 0 0 0 0 0 0 8.67189382109791 0 0 0 1.7131044962443411 10.615076594054699 0 0 0
1.508117531426251 0 2.8576146732084453 0 0 0 0 0 0 4.717539799399674 0 1.9593419427983463 8.289276190567762 0 0 0 0 6.139843788929284 7.47181132575497 2.2156303715892136 3.894575917162001 0 0 6.725452539045364 0 5.840564636979252 0 0 0 0 0 5.666334462817758 0 0 0 0 0 0 0 0 0 5.703619068022817 0 0 0 0 0 0 0 0 0 0 0 0 0 0 0 0 0 0 1.3701117332093418 0 0 0 0 0 4.106914954259992 0 4.329891236498952 3.2292815311811864 0 0 0 0 0 0 5.775361176580191 0 0 0 0 0 0 0 0 0 0 0 5.789691551122814 0 0 0 0 10.435305469669402 0 0 0 0 0 0
0 8.497583662625402 0 0 0 0 0 0 0 0 0 10.545085369609296 0 6.260256864130497 0 0 0 0 0 0 3.0955935772508383 0 7.305688079446554 0 0 0 0 7.076010121032596 0 2.4652069797739387 0 0 0 0 8.099695287179202 0 4.870179406367242 0 0 0 0 0 0 0 0 0 0 0 0 0 9.468101536855102 0 0 0 0 6.1682658097706735 0 0 0 0 9.679499831050634 0 0 0 0 0 0 0 0 2.362427950371057 0 0 9.325093353632838 0 0 0 0 0 0 2.342655443586409 0 0 0 0 0 2.772138609085232 0 0 0 3.036085904110223 0 0 0 0 0 0 0 0 0 0
0 0 0 0 0 0 0 8.322697772178799 0 0 0 0 1.1926134712994099 0 8.725637431722134 9.649160098284483 0 0 0 0 10.309980808757246 7.917829459998757 6.657272441312671 0 0 6.896188453771174 7.240964026656002 0 0 0 0 0 0 6.214826602023095 7.249854618217796 0 0 0 0 0 0 0 0 0 0 0 10.297752897255123 0 0 0 0 0 0 0 0 0 0 8.495478452183306 7.324776750989258 0 0 0 0 0 0 0 9.256996916607022 0 0 0 0 0 0 0 0 0 8.051564210560173 5.113250342197716 0 0 0 0 0 0 0 0 0 0 8.211800480727106 0 0 9.820473977830261 0 0 9.801362542435527 0 0 0 0 0
8.150980760343373 0 8.032230247277766 7.794837787747383 0 10.350888503249735 0 0 0 4.594692887272686 0 0 0 5.334226762875915 0 0 10.32952550239861 0 0 0 0 8.285832779016346 0 9.235070840455592 0 0 0 0 0 5.115478782914579 0 0 7.072422047145665 5.734099563211203 0 5.890124981757253 7.789359748363495 5.03874674346298 0 0 0 0 0 0 0 0 0 6.943449812475592 0 0 0 0 0 0 0 0 0 0 0 0 2.4432065933942795 0 0 0 0 0 0 0 8.023907585535198 0 0 5.869220533873886 0 0 0 6.64791165292263 0 0 4.048239918425679 0 0 0 0 0 0 0 0 0 0 0 0 0 1.424782270565629 0 0 0 0 10.04114731354639 0 0
0 1.781039078719914 0 0 6.5036877281963825 0 0 5.45938216522336 0 0 0 0 0 0 0 0 0 0 0 0 0 0 0 0 0 0 0 0 5.2535350495018065 4.921242603100836 0 0 2.8343819119036198 1.726542742922902 0 8.088853248860687 0 0 0 3.690942669287324 1.159036130644381 0 0 0 6.307303122244775 0 0 4.708439290057868 6.942824757657945 0 2.0716150351800025 0 0 0 0 0 10.169958380516618 0 0 0 0 0 0 0 0 4.1724125519394875 0 0 0 0 0 0 0 0 0 9.625480895861983 0 0 4.6794711742550135 1.8227165089920163 8.925802804529667 0 0 0 2.697712056338787 0 9.701462501194328 0 0 0 0 0 0 3.6048646541312337 0 0 0 0 0 0
0 0 0 0 0 0 0 0 0 0 0 0 0 0 0 0 0 0 8.975198961794376 0 0 0 0 0 0 0 0 6.729333825875074 0 0 0 0 0 0 0 0 0 0 0 0 0 8.484892786014825 0 0 0 9.97936564637348 3.7526339911855757 0 0 0 5.793024347163737 0 0 1.8262340514920652 0 0 0 0 0 0 0 0 0 0 0 0 10.638833675999194 0 0 0 0 0 0 0 0 5.283085577189922 0 0 0 7.904642099980265 0 0 0 0 0 0 0 0 2.905271392315626 0 0 0 6.528674833476543 0 0 0 0 0 0 0
0 3.854145630262792 6.292223819997162 0 0 0 0 0 0 0 0 6.299202704336494 0 0 0 0 5.828834850341082 0 0 9.307233583182096 0 0 5.4411249295808375 0 0 0 0 0 0 4.273620733525604 0 8.377334241755307 0 0 9.32307472359389 0 0 3.253365016076714 10.672675742767751 0 0 1.180792633909732 0 0 0 0 9.21219599340111 0 0 0 0 0 0 5.15792066603899 0 0 9.34508117986843 0 0 0 0 0 1.5744307674467564 0 4.5104604926891625 0 0 8.936997653450817 5.690633441787213 0 0 0 0 0 0 0 0 0 2.7167490627616644 7.345921799074858 6.237128669396043 0 0 0 9.075365973636508 0 0 0 0 9.274708793032914 0 0 8.001219228841364 0 0 0 0 3.8512394870631397 8.662526052445173 0
0 0 0 0 0 0 0 0 0 6.133071362506598 6.391749225091189 0 0 8.390482628252357 0 0 0 1.5180664639919996 0 0 0 0 2.18792223976925 8.387601463124156 0 5.466391270980239 0 0 0 3.157213056925684 6.9602918406017125 0 0 7.517063288483769 2.0645055933855474 0 1.9530863934196532 10.535757161211222 0 0 0 0 0 0 0 0 0 0 0 0 3.882183340843767 0 0 0 0 7.8408725201152265 0 0 0 0 8.269513420760632 0 0 0 0 0 0 0 0 0 0 0 0 0 0 10.8720707395114 0 0 0 0 0 4.86852489085868 0 0 0 0 0 8.171298274770379 0 9.944650262128562 0 4.806788679212332 0 0 0 0 0 0 0 3.7294688997790217
0 0 0 0 0 9.519086819142103 0 10.312448408454657 1.770814570132643 0 0 0 0 0 0 0 0 0 0 0 0 6.896021449007094 5.08660180401057 0 0 0 5.9294254393316805 0 7.0590355028398335 0 0 0 0 0 0 0 6.4285017075017095 0 0 9.001396914478391 0 0 0 6.824676051270217 0 0 1.0296219438314438 9.069300458300859 0 6.298137231729925 0 0 7.486318742390722 0 0 0 3.828408742789179 0 0 0 0 5.553103344514966 0 0 0 0 1.7341707404702902 0 0 0 0 0 0 0 0 0 6.878208309877664 0 0 3.900722718331963 0 0 0 0 0 0 0 0 0 0 0 0 0 0 0 2.87682710820809 0 0 0 3.2453765477985144
0 0 1.535455821081996 0 0 0 0 9.760633766651154 0 5.777887663803995 0 8.832032139413059 0 0 0 0 0 0 0 0 0 0 0 0 1.101947127841413 0 0 0 2.72606777632609 1.034279024694115 2.552235058043152 0 1.0934814265929163 0 0 0 3.808163359295577 0 0 0 2.429736176505685 0 0 0 0 0 0 0 0 0 0 0 0 0 4.464430412277579 0 6.851400860119611 0 0 0 0 0 0 0 7.61970290588215 0 0 6.461222343146801 0 0 10.911679907236248 0 0 0 0 0 0 0 0 5.60686719045043 0 6.808083971496671 0 0 9.943224174436182 0 0 0 0 8.328335864003748 0 0 0 0 0 0 0 0 0 0
0 0 0 0 0 0 0 4.10289544519037 0 0 0 0 0 0 0 0 7.165523317176849 0 0 0 0 0 0 0 9.93163429107517 0 7.7323421710170805 0 0 0 0 1.4487248603254557 0 0 0 0 9.055038426537067 0 0 0 0 2.265247438568622 0 0 0 0 0 0 0 0 8.737162974663079 0 0 0 4.363159680739045 0 0 0 0 0 0 0 0 0 5.4728781073354185 0 10.316627483349293 0 0 0 0 0 0 0 0 0 3.2220642562024295 0 0 3.3836231930181384 8.128665617201477 0 0 0 5.163144342601299 0 0 0 0 7.012751911766827 0 0 0 0 0 0 0 10.969640388153493 9.77295084996149 0
0 0 7.793897121679038 0 0 0 0 0 0 4.696335619315505 0 0 0 0 0 0 0 0 0 0 0 0 1.2075032400898635 0 0 0 0 0 0 0 0 0 0 5.259766994509846 0 0 0 0 0 0 1.0208292878232896 0 0 0 0 0 0 7.253963459748775 8.82776984386146 0 0 0 0 0 0 0 0 0 0 0 10.918524865061045 2.255429061129689 0 0 0 5.441095348447561 0 0 0 9.243928384035826 0 0 0 0 0 0 0 0 0 0 7.992961433716118 0 0 0 0 8.062417378183454 0 0 0 0 0 0 0 8.049155666027218 0 0 9.70202153455466 5.008961969520897 7.621067568194121 0
4.160269593354315 8.433336803223938 0 0 0 0 0 0 0 6.096753761172295 4.159655926283449 0 0 0 0 0 0 0 0 7.255899153184146 8.888706298545003 0 0 0 0 0 0 4.965720173437148 8.032953740563244 0 0 0 0 0 0 4.661651061847806 0 7.0080480156466365 0 0 0 0 0 0 0 0 0 0 0 0 0 4.815422507468611 6.186527539044619 0 0 0 0 0 6.533586330711842 0 2.989586257841438 6.474532840307802 0 0 0 0 0 0 0 0 0 0 0 0 0 0 0 0 0 6.711790951900184 1.549625875428319 0 0 4.0998772056773305 8.236843802966177 0 1.2428822149522603 0 0 0 0 0 0 0 0 0 3.5582936173304915 3.928872143384069 0 0
0 0 0 0 0 0 0 0 0 0 0 7.089838508050889 0 0 0 3.608751030638814 0 0 4.040218134410679 0 0 0 3.6829213369637728 2.7913145455531776 0 0 0 5.492484463844448 0 0 0 6.145510504953563 0 0 0 0 5.6254480187781155 3.302407883107662 2.3256837148219347 0 0 2.912269447930157 0 4.315462379250675 0 0 0 0 0 9.089742944575846 0 0 0 0 0 0 0 0 0 0 0 2.023847833275795 0 0 0 0 0 0 3.316421491559595 0 0 0 0 0 0 0 0 0 4.3062313799746335 0 0 1.5500862398184836 0 0 0 0 0 0 0 0 0 0 0 0 0 0 0 0 0 0
2.6759087052196264 0 5.763976507820189 0 0 7.789152200799435 0 0 0 0 0 0 0 0 0 0 0 0 0 0 0 0 7.006099048536271 0 0 0 0 0 0 0 0 0 2.596639733761549 0 5.882788150571287 8.599324809852988 0 0 0 8.018128943163902 0 0 0 0 0 0 6.346531202085316 0 3.47943815542385 0 5.300786841195077 1.2645067661069334 0 0 0 0 0 0 0 0 0 0 0 0 7.111631956882775 9.678262617904693 0 0 0 10.330710810609162 0 0 3.418689380865544 0 0 0 0 0 3.8079103981144726 0 0 0 0 9.543092515319586 0 0 0 0 0 0 0 5.507615929469466 0 2.9861754728481174 0 9.345430318731815 10.40961390035227 0 0 0
0 0 0 0 0 5.9412038223817945 0 0 10.289706873241812 0 0 0 0 0 9.755705032963306 0 0 9.380692973732948 0 0 10.270876226946712 2.5537987858988345 0 0 0 0 0 0 0 0 0 0 0 0 0 0 0 0 0 2.8980529066175222 0 0 0 0 5.040300601627678 0 0 0 0 0 0 0 0 0 0 0 0 0 0 0 2.958266752772033 0 0 0 2.943781378213316 0 0 0 0 0 0 2.0824312642216682 0 0 0 0 0 0 0 10.537452629301697 0 0 5.222735157236457 7.629747054539621 0 8.88897778140381 0 2.3192053930833936 0 0 0 0 0 0 0 0 0 0 0 0
0 0 0 0 0 0 2.789960425812751 0 8.840805905871093 0 9.648432516492903 0 0 0 9.039458165876567 0 0 0 0 7.38550000730902 0 6.2614214131608605 0 0 0 8.672889409586787 6.088262557983398 0 0 0 0 0 3.2478649229742587 0 0 0 0 0 5.520642603747547 0 0 0 0 0 6.868891295976937 0 0 0 0 0 0 0 0 0 3.9642504826188087 0 0 0 0 0 9.18345399107784 0 0 0 10.46398138999939 1.696364741306752 0 0 0 0 0 0 0 9.307215899694711 0 0 0 0 0 0 0 6.39257236989215 0 0 0 0 0 0 0 0 0 0 0 0 0 0 0 0 0 0
0 0 0 0 0 7.191379763185978 6.765935443341732 0 0 0 0 0 0 0 0 3.336396430619061 0 0 0 0 0 0 10.426131271757185 0 0 0 0 0 3.685762990731746 0 0 7.443927551154047 6.986009449698031 0 5.294648549985141 0 0 0 0 0 0 8.564134804997593 0 0 0 0 0 0 0 0 0 0 0 0 0 0 0 0 0 0 5.706529059913009 0 0 0 0 0 0 3.527385812718421 0 4.258017434272915 0 0 0 0 8.791963405907154 0 0 6.518079623579979 0 0 0 1.0641817995347083 0 0 0 0 0 0 0 3.3424991266801953 0 0 0 0 0 1.1295397174544632 0 0 0 0
0 0 0 3.2639279789291322 0 0 0 0 0 0 0 0 0 0 0 8.270070251543075 0 0 9.414108941797167 7.733012553304434 10.197843363508582 0 0 0 0 0 0 0 0 0 0 10.611868418287486 0 3.813846233766526 0 1.5059309885837138 0 0 10.10009522922337 0 0 5.252787451259792 10.86135033192113 1.3727081255055964 0 3.131674673873931 0 0 0 10.650566247291863 0 0 0 10.33384629432112 4.353954725898802 0 0 6.9373617940582335 10.11250130739063 9.427855775225908 0 0 0 9.9708278211765 0 0 0 0 0 0 0 4.584628880489618 0 0 0 0 0 3.4061849317513406 0 0 0 0 0 0 0 0 0 0 0 0 0 0 0 0 0 8.309335095342249 0 0 10.662782922387123 0
0 0 0 0 0 0 0 0 0 0 0 0 0 0 0 0 0 0 0 0 0 0 0 0 0 4.563526230864227 0 0 0 0 0 0 0 4.077902584336698 0 0 0 10.263621883001179 8.876463492866606 0 0 0 0 0 0 0 0 0 0 0 7.3385322713293135 0 0 6.493373018689454 6.0558793079108 3.5984405516646802 0 0 0 0 0 0 0 0 0 3.4814245011657476 0 3.107035161461681 0 0 0 0 0 0 0 5.969144330825657 0 0 0 0 0 0 0 0 0 0 0 0 0 0 0 7.3900310639292 0 0 0 0 0 0 0 0
9.29337713541463 0 0 0 0 0 0 0 4.064689845778048 10.61240200791508 0 0 0 0 0 0 0 0 0 7.908715325407684 0 0 0 0 6.6213590782135725 0 0 0 0 0 0 0 0 0 0 5.665536931715906 0 0 0 0 0 0 0 0 0 0 0 0 8.084444083739072 0 0 0 0 0 0 0 0 0 0 0 0 0 0 0 0 0 0 6.498177746776491 0 0 1.4257321008481085 0 0 0 0 2.4104909356683493 0 0 0 9.81020539905876 0 0 0 0 0 0 0 0 0 0 9.001335163135082 8.511146552860737 0 0 10.707021489739418 0 0 0 0 0
1.7892998633906245 0 0 0 0 0 0 0 8.819107084069401 8.616191101260483 0 0 0 0 0 0 0 0 0 0 0 0 0 0 4.889348872471601 0 0 0 4.326257546432316 0 0 0 0 0 0 0 5.126894338987768 0 5.560122154653072 0 0 0 0 0 0 0 0 0 0 0 0 0 0 0 0 0 0 0 0 0 6.167863869573921 0 0 0 0 0 0 0 0 0 2.554604433476925 0 0 0 0 0 4.445930620655417 5.273186216596514 4.272820052225143 0 0 0 0 0 0 0 0 6.5871852790005505 0 0 0 0 0 0 0 0 2.4721302106045187 0 0 0
0 0 0 0 7.828324599191546 0 0 0 0 0 10.920582147315145 0 0 7.731020896695554 0 0 2.8438273714855313 7.233835623133928 0 0 0 0 8.793713666033 4.0062907678075135 7.846434839535505 0 9.904108610004187 0 0 9.515331184025854 0 0 0 0 0 0 5.49952359078452 0 0 0 0 0 0 0 0 0 0 0 5.959796948824078 0 0 3.589639686048031 1.135644085239619 0 0 0 2.684164402540773 1.4438671097159386 7.953595723025501 0 0 0 0 0 0 7.922237994149327 7.1530493991449475 8.271119356155396 0 0 0 0 0 6.8184114075265825 0 2.153395464643836 0 7.552872718311846 0 0 0 0 0 0 0 0 0 0 0 0 6.92245401116088 0 0 0 0 0 0 0 0 0
0 4.524312148801982 0 0 0 1.617372675333172 0 0 0 7.3000278803519905 0 0 0 0 8.374314134940505 0 0 0 0 0 0 0 0 0 0 0 0 0 0 0 0 0 0 0 0 0 0 0 0 0 4.67046537110582 0 0 0 0 0 9.424680333118886 0 0 0 0 0 0 4.613611054606736 0 0 1.1790698640979826 0 2.0627525486052036 0 0 2.1605279613286257 0 0 9.155085872858763 0 0 0 0 0 0 0 0 0 0 0 0 0 0 0 0 0 0 0 10.513006722554564 0 0 0 0 4.185458693187684 0 10.670151136815548 0 2.895873702596873 0 0 2.0819635447114706 0 0 0
0 0 0 0 0 8.239305195398629 0 0 0 0 0 7.91036143573001 0 0 0 0 0 0 0 2.6187092778272927 0 0 3.4189190100878477 2.840333021245897 9.805047026835382 1.2522935206070542 7.892549926415086 0 0 0 5.186616421211511 0 0 0 0 10.526974544860423 0 0 0 0 0 0 4.641943363472819 0 7.9788415427319705 0 0 10.286660405341536 0 0 8.670196499675512 0 10.373092649038881 0 0 0 0 0 0 0 0 0 0 0 8.978091270197183 0 0 8.709684474393725 0 0 0 0 10.19759206706658 0 0 0 0 0 0 0 0 0 0 0 0 10.952106936834753 0 5.6953145251609385 7.8118109670467675 0 4.766477273311466 0 5.350839974358678 0 0 0 0 0 10.37871735310182 0
0 0 0 0 1.535160640720278 6.901079473551363 2.69456385076046 0 0 0 9.273729863576591 2.529773357324302 0 0 0 0 0 9.841961503494531 0 0 0 0 0 3.6473577436991036 0 0 0 3.620641430839896 0 0 0 0 9.976248928811401 0 0 0 0 0 0 0 0 0 0 0 0 0 0 0 8.051393345464021 0 0 6.868902581278235 0 0 0 0 0 0 0 7.004609037190676 0 1.4148958576843143 2.6322339442558587 0 1.1154933823272586 0 7.951272475998849 0 6.80217971932143 7.3582688476890326 0 0 0 10.40369094721973 0 0 0 9.854163803625852 6.948634343221784 0 0 0 4.330820307601243 0 0 0 0 0 0 0 0 0 0 0 0 0 0 0 2.5456390124745667 0
3.245986689813435 0 0 4.462195466272533 0 5.353636370506138 0 3.0492526702582836 0 0 6.6215077033266425 1.9898846154101193 0 0 0 0 0 0 0 0 0 0 0 0 0 0 0 0 0 0 0 0 0 0 2.3353094714693725 0 0 0 0 0 0 0 6.019573790486902 0 0 4.654930894263089 0 0 3.534622009843588 0 0 0 0 0 0 5.500147211365402 0 0 0 0 0 0 0 0 0 0 0 5.717771613504738 0 0 2.7508176900446415 7.2771269818767905 1.6798713561147451 10.84226479427889 0 0 0 2.154111681971699 0 0 0 0 0 0 0 0 3.998491791076958 0 7.626241658814251 0 0 1.6243389006704092 3.3477929760701954 0 0 0 0 0 0 0
0 0 0 3.7905078465119004 8.395733285229653 8.323103628586978 0 7.181951691396534 0 0 0 4.641043943352997 4.752429231535643 0 0 0 0 0 0 0 0 0 0 0 4.552736972924322 0 0 0 0 0 0 0 0 0 0 0 0 0 10.28887557471171 0 0 0 4.612281735986471 1.7793393731117249 0 0 0 0 0 0 0 0 0 1.5949537246488035 0 0 3.5821743230335414 0 0 2.9333115871995687 0 0 0 0 0 0 0 10.990955737885088 0 0 0 0 4.095747642219067 0 0 0 0 0 7.975189901422709 2.037686064373702 0 0 0 0 0 8.061272461432964 0 0 0 0 0 0 0 6.28990839375183 4.6689498485066 0 1.416534801479429 0 0 0
0 0 0 0 0 0 0 7.247953020501882 0 0 2.644005023408681 0 0 0 7.157040596008301 0 2.3486592145636678 0 0 0 0 0 0 5.27504139021039 0 0 0 0 8.643454228527844 0 0 0 2.988868424668908 0 0 8.374721318483353 0 0 0 5.338364782743156 0 0 0 0 0 0 0 0 0 0 0 10.00585116352886 0 0 0 0 0 0 0 0 0 0 8.66172043979168 1.7539406325668097 0 0 0 0 9.831943008117378 0 0 5.548865789547563 9.447656594216824 0 0 0 0 0 0 0 0 4.06377122644335 5.03672699816525 0 0 6.523509103804827 8.053731149062514 0 0 2.7608244833536446 0 0 0 0 9.217658714856952 0 0 7.087193933781236 8.786215364467353 0
0 0 0 0 0 4.696131641045213 0 0 0 0 0 0 0 0 0 0 0 10.03239716310054 0 0 6.042775145266205 0 0 0 0 0 0 10.750983181875199 0 6.190432392992079 0 0 0 0 0 5.731872566044331 0 0 1.6122220354154706 0 10.048308804631233 6.825376566499472 0 0 0 2.4732461632229388 0 0 0 0 0 0 0 0 0 0 0 6.939884553663433 0 0 4.0495028384029865 0 0 0 0 0 0 0 7.432850833516568 0 7.52658756589517 0 0 0 0 0 10.182732563931495 0 0 0 0 1.697513713967055 0 0 0 0 0 7.056719794869423 0 6.145524891559035 0 0 0 0 0 0 0 0 0 0
0 0 0 0 0 0 5.038750419858843 10.067529665771872 0 0 0 0 9.990007797256112 0 0 2.621784013696015 0 0 0 0 0 0 9.38019834132865 0 0 0 0 10.425718132406473 0 0 0 0 9.982970779761672 0 0 0 0 0 2.3273551198653877 0 0 0 0 3.525170249864459 0 0 0 0 0 0 0 0 0 0 0 0 4.3040843438357115 0 0 0 0 0 0 0 0 0 5.687151173129678 0 9.41778150293976 6.814969525672495 5.246167570818216 0 0 0 0 0 1.8996870834380388 2.347184532787651 0 0 0 0 0 0 0 2.182551260571927 0 3.2365464409813285 4.232401248533279 0 0 0 7.5724923415109515 5.7834425792098045 0 0 0 0 0 6.9738413989543915
0 0 0 0 0 0 0 0 5.0368763310834765 0 0 0 0 0 0 0 0 0 1.6097042374312878 0 10.739536703564227 0 6.993888974189758 0 0 0 3.830465789884329 0 0 0 0 0 6.483302674256265 0 0 0 0 0 0 0 0 0 0 0 0 0 0 0 0 0 0 0 0 0 0 0 0 0 5.270573703106493 0 0 0 0 0 7.479882828425616 0 0 6.007709115743637 6.881268153898418 0 0 0 0 0 0 10.181359915528446 0 0 0 0 0 5.569119808729738 0 0 0 0 0 0 5.902630604337901 0 0 0 0 0 7.323261510115117 0 0 0 0 0
0 0 0 4.57734942343086 0 0 0 0 2.8162890430539846 2.174537572078407 0 0 0 4.1393138179555535 0 0 0 0 0 0 0 0 0 0 0 0 4.405455474276096 0 0 0 2.2919961055740714 0 0 9.524344833567739 0 6.904226882848889 0 0 0 3.148855288978666 10.988758263643831 10.880531677044928 0 0 0 0 0 0 0 0 0 0 0 0 0 0 0 0 0 3.6526035997085273 0 0 0 0 0 0 0 0 0 0 0 0 0 0 0 0 3.280684995930642 0 0 0 0 0 9.52839254308492 0 0 0 0 0 0 0 3.97826471272856 0 0 0 0 0 0 0 8.008156657684594 0
0 0 0 0 0 0 7.179718559142202 0 0 0 10.423629965167493 0 0 7.200227737426758 0 0 0 0 0 0 0 0 0 0 7.317861350253224 0 0 0 9.711410337127745 0 0 0 9.020145234186202 0 0 0 0 0 0 0 0 0 0 0 0 3.6181851560249925 7.877906410954893 6.390734300017357 0 5.804805419407785 0 0 0 0 0 0 0 0 0 0 0 9.226613576989621 2.048517436720431 0 10.949627725873142 0 0 0 0 0 0 0 0 10.355532701592892 0 0 0 0 0 0 0 8.063609403558075 0 2.0596189089119434 0 5.679236065130681 1.695874528028071 0 8.697177021764219 0 0 0 0 0 4.729212484322488 1.5270206066779792 0 0 0 0
0 0 0 0 0 0 7.608883203007281 9.068354120478034 0 0 0 0 0 0 0 0 0 0 0 0 0 0 0 4.6244056024588645 6.553753774147481 4.633107177447528 0 0 9.904251519124955 0 5.47934604017064 0 0 0 0 3.6069360552355647 0 0 0 0 0 0 10.636341175064445 0 2.452903808094561 0 0 0 0 0 5.308748764451593 0 1.8936658408492804 0 0 0 0 0 0 0 0 0 0 2.5297760511748493 0 0 0 0 0 0 0 7.509561552666128 3.93330155313015 0 4.189804621506482 0 0 0 0 0 3.491864252369851 2.927462627645582 0 0 0 0 0 0 0 0 0 0 0 0 0 0 4.33676524925977 0 10.082257382106036 0
0 0 1.581837291829288 0 0 0 0 0 0 0 0 0 0 7.760834807064384 0 0 0 0 0 9.379240813665092 0 0 2.8790308269672096 0 0 9.054680104833096 0 0 0 0 4.087869377341121 0 0 7.456069631967694 0 0 0 0 0 0 0 0 0 0 2.4644426200538874 0 0 0 0 0 0 0 0 0 0 0 0 0 0 9.143445400055498 6.162976253777742 0 0 8.832781351171434 8.937313779257238 0 0 1.9264661883935332 10.147537495009601 0 0 0 10.377359005156904 0 0 0 0 0 0 0 0 0 8.689487664029002 0 0 0 0 0 0 0 2.3253808091394603 0 0 0 0 0 8.8457704000175 0 5.9590568407438695 3.1516485372558236
0 0 0 0 0 0 0 0 0 0 0 0 0 0 10.645119896158576 0 7.019858478102833 0 0 0 8.198404611553997 0 1.662586628459394 0 0 0 0 0 0 0 0 0 4.439191237557679 0 5.004753136541694 0 0 3.1177635341882706 0 0 0 0 0 0 0 10.330390389077365 1.8833190519362688 0 1.5424764519557357 0 0 0 0 0 0 2.5492399712093174 7.245493185706437 0 0 0 0 0 0 10.036886172834784 0 0 0 4.3661808469332755 0 8.73859049892053 0 0 0 0 0 0 0 0 0 0 0 0 0 2.8190337298437953 0 0 10.983291267417371 0 0 0 0 0 0 0 1.7042298465967178 0 3.5475575705058873 0 0 10.6285478817299
0 0 0 0 0 0 0 0 0 0 0 0 0 9.017788466531783 0 6.092783928848803 0 0 0 0 3.910798699595034 0 1.4536515357904136 0 0 0 1.688006621785462 0 0 0 0 0 0 0 0 0 0 0 0 0 0 0 0 10.639850242529064 0 0 4.675462929531932 9.72922619106248 10.6719820657745 0 2.727260728366673 3.4495448893867433 10.762164063286036 0 4.606514737475663 0 0 1.681884833611548 0 0 0 0 9.650153835769743 0 0 0 0 0 0 9.798200055025518 0 0 0 0 0 0 0 0 0 0 3.3927361937239766 0 0 0 0 0 0 0 0 4.563437021803111 2.297935915645212 0 0 0 0 9.168015386909246 0 0 0 7.535656894557178
0 0 0 0 10.420411493629217 5.8546145390719175 0 0 4.31222936976701 0 0 0 0 8.600631956011057 0 0 0 5.088136646896601 0 0 0 0 10.310445575974882 0 0 0 0 0 8.656144991051406 0 0 0 0 0 0 9.12854121439159 0 0 0 0 0 0 0 0 0 0 9.277156767435372 0 8.524932890664786 0 0 0 2.4068911876529455 6.110595314763486 2.8962636473588645 0 0 0 0 0 0 0 0 0 0 0 0 0 0 0 0 0 0 0 0 0 6.577425756491721 0 0 4.159045821521431 0 0 0 0 0 1.7006351137533784 8.239047393668443 1.48800865188241 0 0 0 7.278367203194648 0 0 0 0 0 3.7649837685748935 0 0
2.497049988247454 7.584666892886162 0 1.1176726538687944 5.366174803581089 0 4.194469602312893 0 0 0 0 0 0 0 2.6330882301554084 0 0 1.5789707344956696 0 0 9.601945424452424 0 0 0 0 5.177853316068649 0 0 0 0 0 0 0 0 0 0 0 0 0 0 0 0 0 0 0 0 0 0 0 10.644250452984124 0 10.639696252997965 0 0 0 1.167287071235478 0 0 10.280992166604847 8.719462183304131 0 0 0 0 0 0 0 0 0 0 4.799311274196953 8.785459533333778 0 5.545960770919919 0 9.927155409473926 1.4054334247484803 0 0 0 0 0 0 0 0 0 0 0 0 0 4.839352901559323 0 0 0 0 0 0 0 5.712986971717328 0
0 0 8.079686194192618 0 9.692072399426252 0 2.124408422037959 0 0 0 0 0 0 0 0 0 0 0 3.216996226925403 0 0 9.168567109387368 8.165624282788485 0 0 0 0 0 0 0 0 0 10.921524573583156 5.126384307164699 0 6.301577819045633 0 0 0 0 6.1012971717864275 0 0 0 0 0 0 0 0 0 0 0 0 0 0 0 0 1.3129842202179134 0 0 0 0 0 0 0 0 0 5.574909969232976 0 0 10.519887680653483 0 0 0 10.04255781089887 0 0 5.745322971139103 0 0 0 0 0 0 0 5.106572095770389 0 0 5.973745264578611 0 0 4.394063219893724 7.465946978423744 0 0 0 0 0 0 0
8.268708294723183 0 0 0 0 2.175969133619219 0 0 0 0 7.091627918649465 0 0 0 0 10.840889743063599 10.001160650514066 0 0 0 0 0 10.935767748393118 0 0 0 0 0 2.4840880944393575 0 3.337298411875963 6.9674789546988904 1.0082937069237232 0 0 0 0 0 5.578679017722607 1.518436818383634 0 0 0 0 0 0 0 0 0 0 0 0 0 0 3.110562822781503 0 5.21632484998554 7.617687246762216 0 0 0 0 0 0 0 0 0 0 0 0 0 0 0 0 0 7.342156087048352 0 0 9.869772520847619 0 0 0 0 0 0 0 0 4.4063944523222744 0 0 0 0 0 2.9983513723127544 1.3649803739972413 0 0 0 0 0
0 0 0 0 0 0 0 0 0 1.8355548582039773 0 0 0 0 9.407510374672711 0 0 0 4.84132768958807 0 0 0 8.01861817156896 10.958728912752122 9.075126418843865 8.458657640963793 0 0 0 7.084388459566981 0 0 0 10.35859925346449 0 9.511434101965278 5.985410808585584 0 9.243888225406408 0 0 0 0 0 0 0 1.6472932640463114 0 5.537955564446747 0 0 1.6288267578929663 3.223467908333987 0 2.584273180924356 0 0 0 0 0 0 0 0 0 0 1.6140877772122622 0 0 0 0 0 0 0 0 0 0 0 0 0 0 0 0 0 0 0 0 0 0 2.976222137454897 0 0 0 0 9.237648820504546 8.777005634270608 0 7.391216043848544 2.9077003933489323 9.955623870715499 0
0 0 0 0 0 0 0 0 0 0 0 4.436002319213003 3.9622204205952585 0 0 0 0 0 0 0 0 10.187556826509535 0 0 2.717643328011036 0 0 0 1.5840391549281776 0 7.5884826658293605 0 9.046496291644871 3.3879187065176666 9.967465369496495 0 0 4.086913474835455 0 0 0 0 0 8.082753493450582 0 0 0 0 0 0 0 0 0 8.021302971988916 0 0 0 10.151848354376853 0 0 0 0 0 0 0 0 2.2656089407391846 0 0 6.014369343407452 2.6547144786454737 0 1.122598852030933 0 0 7.677233120426536 0 0 0 0 1.0310991308651865 0 2.557351977098733 0 0 0 0 4.683080135378987 0 0 0 0 0 0 0 0 0 0 0 0
4.4517737198621035 0 5.93849340826273 0 3.9759749700315297 0 0 0 2.6479980503208935 0 6.9310586750507355 0 0 0 0 0 0 0 4.296366282738745 0 10.304327261634171 0 0 0 0 0 0 0 3.2430512169376016 7.2907054531387985 0 1.825786623172462 0 0 1.4556876444257796 0 1.6431256490759552 0 0 1.9873910550959408 0 0 0 0 0 0 7.830145567655563 0 0 0 0 0 0 0 6.787540380842984 0 0 0 0 0 0 0 0 0 0 0 0 0 4.898154804483056 0 1.2331540337763727 0 0 0 0 7.988857358228415 0 0 10.755511116236448 0 1.1471033343113959 0 0 0 0 0 0 0 8.515844025183469 0 0 0 7.687359628267586 0 0 0 0 8.516394322738051 0 0
0 0 0 0 0 0 0 0 0 3.1182201872579753 0 5.97891204431653 0 0 0 0 0 0 0 0 0 0 0 0 0 0 0 0 9.957994545344263 0 0 0 3.031082466710359 0 0 4.640418716240674 0 0 0 0 9.928340242709965 0 0 0 0 0 0 0 0 3.4413123121485114 0 0 0 0 0 0 0 7.18263786425814 0 0 0 0 0 9.864013962447643 0 0 9.354887634050101 0 0 0 0 5.190792401786894 2.7438611201941967 0 0 0 0 0 0 0 1.6261172145605087 0 0 7.789984472561628 0 1.6358036445453763 0 0 0 6.450595289003104 8.95388340484351 10.386039667297155 0 0 0 4.8305016863159835 0 7.336281860712916 0 0
0 0 0 0 0 4.402486820705235 1.1742013916373253 6.116114516276866 0 6.518900519236922 0 0 0 9.845943794585764 5.50968248071149 0 0 0 9.96063509164378 0 0 0 10.122404344379902 0 0 0 0 0 3.7103070355951786 0 0 0 0 0 1.2614548872224987 0 9.54067720938474 5.329859286081046 0 0 1.158187358174473 0 4.24038207763806 0 8.628268387634307 0 0 9.993435869924724 0 0 0 0 0 0 0 0 0 0 0 0 0 0 0 0 0 0 7.9527743314392865 0 2.906119037885219 0 0 0 1.249038531910628 1.7096119248308241 0 2.936591228004545 0 0 0 0 0 0 6.092843899037689 0 8.849247481208295 0 1.790873570367694 0 0 0 0 0 0 6.8209724724292755 0 3.18377297045663 0 0 0 0
0 0 8.747584166936576 0 0 0 0 0 0 0 0 0 0 0 0 0 9.025253238156438 0 0 0 6.249194318894297 0 0 0 4.047273478005081 0 0 6.76506809797138 0 0 0 0 0 0 5.032505035866052 0 0 0 0 0 0 0 0 2.1789402295835316 0 0 0 0 6.087799867615104 3.6094590849243104 0 10.65219484642148 1.8655777690000832 0 0 0 0 0 0 6.502613405697048 0 0 0 0 0 7.332905339077115 0 0 0 0 3.8387015755288303 5.322781129740179 0 0 0 0 0 0 0 1.3074252814985812 0 0 0 0 0 0 0 7.646592882461846 0 0 0 0 0 0 0 0 0 0 0 0
0 0 0 0 0 0 0 0 0 0 10.789686109870672 0 0 6.019478288013488 0 10.105350191239268 1.1892354642041028 0 8.553651325870305 10.735883786343038 6.9184648166410625 0 0 0 0 0 7.736380762886256 2.2913473835214972 0 8.017980648670346 0 0 7.122301681898534 0 0 0 0 0 0 0 0 0 0 0 0 0 0 0 0 0 0 0 0 0 0 0 0 0 0 0 0 0 6.040536194574088 0 6.218233624473214 0 10.360293713398278 0 0 0 0 0 0 0 10.6301220334135 0 0 10.068706524558365 0 4.862126844469458 0 8.611946896649897 0 0 0 0 0 10.430236425250769 0 0 0 0 0 2.677176197990775 0 0 0 8.94135824078694 7.0246944217942655 0
0 0 0 0 0 0 0 0 0 0 0 0 0 7.685401382856071 0 0 0 0 0 0 0 1.8170311292633414 0 8.313763422425836 0 0 0 0 0 0 0 0 1.5090615758672357 6.848887735046446 0 0 0 0 4.518656534142792 0 0 6.322284747380763 0 0 6.803566928952932 0 0 0 0 3.9542171605862677 0 0 0 0 0 0 2.999119073152542 0 0 0 0 3.820978621020913 4.294931976124644 0 0 7.16526948986575 0 0 8.51005718484521 0 0 0 0 0 0 0 0 0 0 0 3.674181640613824 0 7.574043978471309 0 0 0 0 2.839646145235747 0 0 0 0 0 2.7247858503833413 0 10.665994248352945 0 0 1.9013245231471956 0
0 0 0 0 0 6.35470150411129 0 0 0 0 4.689146668184549 0 0 0 0 0 0 0 7.022287872619927 6.352217415347695 0 0 0 0 8.75984536157921 0 4.862925642170012 0 5.020758627448231 0 0 0 0 0 0 0 0 0 0 0 0 0 0 0 0 10.015984609723091 0 3.567979160230607 5.017312657088041 0 0 0 0 0 0 0 0 0 0 0 0 0 0 0 0 0 7.368268069345504 0 7.4083737204782665 0 0 0 1.6680568493902683 0 0 0 0 0 0 0 0 0 9.116192740853876 0 0 0 5.868299858644605 0 0 0 0 0 0 0 6.474101551808417 0 0 0 0 0
0 0 9.041191096417606 0 0 3.5953821721486747 0 0 0 0 0 4.262803971301764 5.810883833561093 0 0 0 0 0 0 0 0 0 7.912403355818242 0 0 0 0 0 1.1589237246662378 0 0 0 0 0 0 0 0 0 0 9.116213025059551 0 0 9.653280553407967 0 0 0 8.61974157532677 0 0 0 0 0 0 9.136822427622974 0 0 2.6800193511880934 0 0 0 0 0 0 0 0 1.1109720999374986 0 0 0 6.114506238605827 0 0 7.092249543871731 0 0 0 0 0 0 0 0 0 0 2.7460174253210425 3.0935752452351153 0 0 0 8.582634154241532 0 3.95068591600284 9.934983725193888 0 0 0 0 8.230272344313562 0 0 7.5309558738954365
0 8.453389840666205 0 0 0 0 0 0 0 0 1.6140579259954393 0 0 0 0 0 0 0 0 0 0 8.804523778613657 0 0 0 0 0 0 0 0 5.367620104458183 0 0 0 0 0 0 0 0 0 0 0 0 0 10.499080535024405 0 0 0 0 0 0 0 0 0 0 0 0 0 0 0 0 0 2.5434279944747686 0 0 0 0 0 0 2.4711741474457085 7.3110639760270715 0 0 1.6651343242265284 0 9.407897562719882 0 0 7.715496561955661 0 0 0 0 1.6268595345318317 1.958873825147748 0 0 0 0 0 0 0 1.5820079217664897 0 0 0 0 8.294761578086764 0 10.937256593257189
0 0 0 9.8691964186728 0 0 0 0 0 0 0 0 0 0 0 0 0 6.398606727831066 0 0 0 1.5406564567238092 2.5639887494035065 0 1.5613434873521328 0 0 0 0 0 7.43582075368613 3.593913641758263 0 0 2.237565674819052 0 0 0 0 0 3.60901102097705 9.801606160122901 0 0 0 0 0 0 0 0 10.137103259563446 0 0 0 0 0 2.12361483508721 0 0 6.599708785302937 7.10469289124012 0 0 0 0 0 0 0 0 0 0 0 0 0 0 1.356058944016695 0 0 0 4.8479512790218 0 0 0 0 0 0 0 2.007928056642413 5.470553330611438 0 0 1.3506324789486825 0 0 0 0 0 0 0 8.905922832433134
0 0 0 0 0 0 0 0 0 0 0 0 0 0 0 0 0 10.004163523204625 0 0 0 0 0 2.909186791162938 0 7.398375062271953 0 5.890280207619071 0 0 0 0 0 0 0 0 0 0 0 7.073768630158156 7.871487589087337 2.465520500205457 0 0 0 0 0 0 0 0 0 0 0 9.53501473320648 7.720031739678234 0 6.177995751146227 0 0 0 0 0 0 3.0017596520483494 0 8.40541928447783 0 0 0 1.5659092194400728 0 0 0 0 0 0 7.31466897437349 3.6265065697953105 8.418266905006021 0 0 0 0 0 2.292086027096957 0 0 0 0 0 0 0 0 4.804519614204764 0 0 0 0 0 0
0 5.396463464945555 0 0 0 0 3.5344605487771332 0 0 0 1.6700649089179933 0 0 0 4.385235206224024 0 0 10.863999832887203 0 0 0 0 0 2.6207774309441447 0 0 8.602525777183473 0 0 0 0 6.56294294539839 0 0 4.008291290607303 0 0 7.955452100373805 0 0 3.4962436500936747 0 0 0 0 5.3927668198011816 0 0 9.089239269029349 0 0 0 6.199016835540533 4.898481966461986 9.45332516822964 0 0 0 0 0 0 0 0 0 0 0 0 0 0 0 5.705524805467576 0 0 0 0 0 0 0 0 0 9.789856568910182 0 0 0 8.680021156556904 0 6.741396457888186 5.599409601651132 0 0 5.039432529825717 0 0 0 5.625036700163037 0 0 0 0 4.9573262562043965
0 0 0 0 9.451077500358224 0 0 7.108690053224564 0 9.244781692046672 4.944693019147962 0 0 0 0 3.3072252492420375 0 0 0 0 0 0 0 0 0 0 3.363732617814094 0 0 0 0 0 4.817464972380549 0 0 0 0 0 0 0 0 0 0 0 0 0 0 0 9.925484649371356 0 0 0 10.321019218768924 9.289450136944652 0 0 0 0 0 0 10.209066922776401 0 0 0 0 0 6.698735637124628 6.352242786902934 0 0 4.8295882497914135 0 0 0 8.965109930373728 0 5.470920970197767 3.65853549586609 0 0 0 8.782713486813009 0 0 9.108566736336797 0 0 0 0 0 2.4860712736845016 2.05105456430465 0 0 0 0 0 0 0 4.342660141643137
0 0 0 0 0 0 0 0 0 0 6.094167080242187 0 0 7.885975124314427 0 0 3.3770446702837944 0 0 4.384774159640074 0 0 0 0 0 0 10.644574688281864 0 0 0 0 0 0 0 2.3028498250059783 0 0 7.5798210352659225 0 0 0 0 0 0 0 0 0 0 0 6.508130600210279 7.060893344692886 0 0 0 0 0 0 0 0 0 0 0 0 0 0 0 0 0 0 0 0 0 2.709685327950865 0 0 0 0 5.541417267173529 10.1419397899881 1.4073159373365343 0 0 0 0 0 0 0 0 0 0 0 0 0 6.125488098710775 5.716022212523967 9.883922109380364 0 2.186986032407731 10.640802517533302 0
